Deimon Devil Bats, DEI
QB,Yoichi Hiruma,21,2016,99,99,99,99,99,99,99,0.5,5
S,Yoichi Hiruma,21,2016,99,99,99,99,99,99,99,0.5,5
QB,Sena Kobayakawa,21,2016,70,60,60,60,60,60,0.5,5
RB,Sena Kobayakawa,21,2016,99,99,99,99,99,99,0.5,5
CB,Sena Kobayakawa,21,2016,99,99,99,99,99,99,0.5,5
OL,Ryokan Kurita,21,2016,99,99,99,99,99,99,99,0.5,5
DL,Ryokan Kurita,21,2016,99,99,99,99,99,99,99,0.5,5
WR,Taro Raimon,21,2016,99,99,99,99,99,99,0.5,5
CB,Taro Raimon,21,2016,99,99,99,99,99,99,0.5,5
OL,Kazuki Jumonji,21,2016,99,90,90,90,90,90,0.5,5
DL,Kazuki Jumonji,21,2016,99,90,90,90,90,90,0.5,5
OL,Koji Kuroki,21,2016,99,80,80,80,90,90,0.5,5
DL,Koji Kuroki,21,2016,99,80,80,80,90,90,0.5,5
OL,Shozo Togano,21,2016,99,80,80,90,90,90,0.5,5
DL,Shozo Togano,21,2016,99,80,80,90,90,90,0.5,5
OL,Daikichi Komusubi,21,2016,99,80,80,90,90,90,0.5,5
DL,Daikichi Komusubi,21,2016,99,80,80,90,90,90,0.5,5
WR,Manabu Yukimitsu,21,2016,99,80,80,80,80,80,0.5,5
RB,Tetsuo Ishimaru,21,2016,99,90,90,90,90,90,0.5,5
CB,Tetsuo Ishimaru,21,2016,90,90,90,90,90,90,0.5,5
K,Gen Takekura,21,2016,99,99,99,99,99,99,0.5,5
LB,Gen Takekura,21,2016,99,99,99,99,99,99,0.5,5
WR,Natsuhiko Taki,21,2016,99,90,90,90,90,90,0.5,5
LB,Natsuhiko Taki,21,2016,99,90,90,90,90,90,0.5,5
LB,Yohei Satake,21,60,70,70,70,70,70,0.5,5
OL,Akira Nakabo,21,99,70,70,70,70,70,0.5,5
RB,Reserve,21,2016,85,60,60,60,60,60,0.5,5
WR,Reserve,21,2016,85,60,60,60,60,60,0.5,5
OL,Reserve,21,2016,85,60,60,60,60,60,0.5,5
K,Reserve,21,2016,85,70,60,60,60,60,0.5,5
S,Reserve,21,2016,85,60,60,60,60,60,0.5,5
CB,Reserve,21,2016,85,60,60,60,60,60,0.5,5
DL,Reserve,21,2016,85,60,60,60,60,60,0.5,5
LB,Reserve,21,2016,85,60,60,60,60,60,0.5,5
RB,Reserve,21,2016,85,60,60,60,60,60,0.5,5
WR,Reserve,21,2016,85,60,60,60,60,60,0.5,5
OL,Reserve,21,2016,85,60,60,60,60,60,0.5,5
K,Reserve,21,2016,85,70,60,60,60,60,0.5,5
S,Reserve,21,2016,85,60,60,60,60,60,0.5,5
CB,Reserve,21,2016,85,60,60,60,60,60,0.5,5
DL,Reserve,21,2016,85,60,60,60,60,60,0.5,5
LB,Reserve,21,2016,85,60,60,60,60,60,0.5,5
RB,Reserve,21,2016,85,60,60,60,60,60,0.5,5
WR,Reserve,21,2016,85,60,60,60,60,60,0.5,5
OL,Reserve,21,2016,85,60,60,60,60,60,0.5,5
K,Reserve,21,2016,85,70,60,60,60,60,0.5,5
S,Reserve,21,2016,85,60,60,60,60,60,0.5,5
CB,Reserve,21,2016,85,60,60,60,60,60,0.5,5
DL,Reserve,21,2016,85,60,60,60,60,60,0.5,5
LB,Reserve,21,2016,85,60,60,60,60,60,0.5,5
RB,Reserve,21,2016,85,60,60,60,60,60,0.5,5
WR,Reserve,21,2016,85,60,60,60,60,60,0.5,5
OL,Reserve,21,2016,85,60,60,60,60,60,0.5,5
K,Reserve,21,2016,85,70,60,60,60,60,0.5,5
S,Reserve,21,2016,85,60,60,60,60,60,0.5,5
CB,Reserve,21,2016,85,60,60,60,60,60,0.5,5
DL,Reserve,21,2016,85,60,60,60,60,60,0.5,5
LB,Reserve,21,2016,85,60,60,60,60,60,0.5,5
END_PLAYERS
Hashiratani Deers, HAS
OL,Onihei Yamamoto,21,2016,99,99,99,99,99,99,2,5
QB,QR DEERS,21,2016,80,60,60,60,60,60,1,5
RB,RB DEERS,21,2016,80,60,60,60,60,60,1,5
RB,RB DEERS,21,2016,80,60,60,60,60,60,1,5
WR,WR DEERS,21,2016,80,60,60,60,60,60,1,5
WR,WR DEERS,21,2016,80,60,60,60,60,60,1,5
WR,WR DEERS,21,2016,80,60,60,60,60,60,1,5
OL,OL DEERS,21,2016,80,60,60,60,60,60,1,5
OL,OL DEERS,21,2016,80,60,60,60,60,60,1,5
OL,OL DEERS,21,2016,80,60,60,60,60,60,1,5
OL,OL DEERS,21,2016,80,60,60,60,60,60,1,5
K,K DEERS,21,2016,80,60,60,60,60,60,1,5
S,S DEERS,21,2016,80,60,60,60,60,60,1,5
CB,CB DEERS,21,2016,80,60,60,60,60,60,1,5
DL,Onihei Yamamoto,21,2016,99,99,99,99,99,99,2,5
DL,DL DEERS,21,2016,80,60,60,60,60,60,1,5
DL,DL DEERS,21,2016,80,60,60,60,60,60,1,5
DL,DL DEERS,21,2016,80,60,60,60,60,60,1,5
LB,LB DEERS,21,2016,80,60,60,60,60,60,1,5
LB,LB DEERS,21,2016,80,60,60,60,60,60,1,5
LB,LB DEERS,21,2016,80,60,60,60,60,60,1,5
RB,Reserve,21,2016,85,60,60,60,60,60,1,5
WR,Reserve,21,2016,85,60,60,60,60,60,1,5
OL,Reserve,21,2016,85,60,60,60,60,60,1,5
K,Reserve,21,2016,85,70,60,60,60,60,1,5
S,Reserve,21,2016,85,60,60,60,60,60,1,5
CB,Reserve,21,2016,85,60,60,60,60,60,1,5
DL,Reserve,21,2016,85,60,60,60,60,60,1,5
LB,Reserve,21,2016,85,60,60,60,60,60,1,5
RB,Reserve,21,2016,85,60,60,60,60,60,1,5
WR,Reserve,21,2016,85,60,60,60,60,60,1,5
OL,Reserve,21,2016,85,60,60,60,60,60,1,5
K,Reserve,21,2016,85,70,60,60,60,60,1,5
S,Reserve,21,2016,85,60,60,60,60,60,1,5
CB,Reserve,21,2016,85,60,60,60,60,60,1,5
DL,Reserve,21,2016,85,60,60,60,60,60,1,5
LB,Reserve,21,2016,85,60,60,60,60,60,1,5
RB,Reserve,21,2016,85,60,60,60,60,60,1,5
WR,Reserve,21,2016,85,60,60,60,60,60,1,5
OL,Reserve,21,2016,85,60,60,60,60,60,1,5
K,Reserve,21,2016,85,70,60,60,60,60,1,5
S,Reserve,21,2016,85,60,60,60,60,60,1,5
CB,Reserve,21,2016,85,60,60,60,60,60,1,5
DL,Reserve,21,2016,85,60,60,60,60,60,1,5
LB,Reserve,21,2016,85,60,60,60,60,60,1,5
RB,Reserve,21,2016,85,60,60,60,60,60,1,5
WR,Reserve,21,2016,85,60,60,60,60,60,1,5
OL,Reserve,21,2016,85,60,60,60,60,60,1,5
K,Reserve,21,2016,85,70,60,60,60,60,1,5
S,Reserve,21,2016,85,60,60,60,60,60,1,5
CB,Reserve,21,2016,85,60,60,60,60,60,1,5
DL,Reserve,21,2016,85,60,60,60,60,60,1,5
LB,Reserve,21,2016,85,60,60,60,60,60,1,5
END_PLAYERS
Amino Cyborgs, AMI
QB,QR CYBORGS,21,2016,80,60,60,60,60,60,1,5
RB,Naosumi Kadoguchi,21,2016,89,80,80,80,80,80,1,5
RB,RB CYBORGS,21,2016,80,60,60,60,60,60,1,5
RB,RB CYBORGS,21,2016,80,60,60,60,60,60,1,5
WR,WR CYBORGS,21,2016,80,60,60,60,60,60,1,5
WR,WR CYBORGS,21,2016,80,60,60,60,60,60,1,5
WR,WR CYBORGS,21,2016,80,60,60,60,60,60,1,5
OL,Suguru Aoyanagi,21,2016,85,80,80,80,80,80,0.5,5
OL,Atsushi Munakata,21,2016,90,90,90,90,90,90,5,5
OL,OL CYBORGS,21,2016,80,60,60,60,60,60,1,5
OL,OL CYBORGS,21,2016,80,60,60,60,60,60,1,5
OL,OL CYBORGS,21,2016,80,60,60,60,60,60,1,5
K,K CYBORGS,21,2016,80,60,60,60,60,60,1,5
S,S CYBORGS,21,2016,80,60,60,60,60,60,1,5
CB,CB CYBORGS,21,2016,80,60,60,60,60,60,1,5
DL,DL CYBORGS,21,2016,80,60,60,60,60,60,1,5
DL,DL CYBORGS,21,2016,80,60,60,60,60,60,1,5
DL,DL CYBORGS,21,2016,80,60,60,60,60,60,1,5
DL,Suguru Aoyanagi,21,2016,85,80,80,80,80,80,0.5,5
DL,Atsushi Munakata,21,2016,90,90,90,90,90,90,5,5
LB,LB CYBORGS,21,2016,80,60,60,60,60,60,1,5
LB,LB CYBORGS,21,2016,80,60,60,60,60,60,1,5
LB,LB CYBORGS,21,2016,80,60,60,60,60,60,1,5
RB,Reserve,21,2016,85,60,60,60,60,60,1,5
WR,Reserve,21,2016,85,60,60,60,60,60,1,5
OL,Reserve,21,2016,85,60,60,60,60,60,1,5
K,Reserve,21,2016,85,70,60,60,60,60,1,5
S,Reserve,21,2016,85,60,60,60,60,60,1,5
CB,Reserve,21,2016,85,60,60,60,60,60,1,5
DL,Reserve,21,2016,85,60,60,60,60,60,1,5
LB,Reserve,21,2016,85,60,60,60,60,60,1,5
RB,Reserve,21,2016,85,60,60,60,60,60,1,5
WR,Reserve,21,2016,85,60,60,60,60,60,1,5
OL,Reserve,21,2016,85,60,60,60,60,60,1,5
K,Reserve,21,2016,85,70,60,60,60,60,1,5
S,Reserve,21,2016,85,60,60,60,60,60,1,5
CB,Reserve,21,2016,85,60,60,60,60,60,1,5
DL,Reserve,21,2016,85,60,60,60,60,60,1,5
LB,Reserve,21,2016,85,60,60,60,60,60,1,5
RB,Reserve,21,2016,85,60,60,60,60,60,1,5
WR,Reserve,21,2016,85,60,60,60,60,60,1,5
OL,Reserve,21,2016,85,60,60,60,60,60,1,5
K,Reserve,21,2016,85,70,60,60,60,60,1,5
S,Reserve,21,2016,85,60,60,60,60,60,1,5
CB,Reserve,21,2016,85,60,60,60,60,60,1,5
DL,Reserve,21,2016,85,60,60,60,60,60,1,5
LB,Reserve,21,2016,85,60,60,60,60,60,1,5
END_PLAYERS
Koigahama Cupids, KOI
QB,Kaoru Hatsujo,21,2016,80,70,70,70,70,70,1,5
RB,RB CYBORGS,21,2016,80,60,60,60,60,60,1,5
RB,RB CYBORGS,21,2016,80,60,60,60,60,60,1,5
WR,WR CYBORGS,21,2016,80,60,60,60,60,60,1,5
WR,WR CYBORGS,21,2016,80,60,60,60,60,60,1,5
WR,WR CYBORGS,21,2016,80,60,60,60,60,60,1,5
OL,OL CYBORGS,21,2016,80,60,60,60,60,60,1,5
OL,OL CYBORGS,21,2016,80,60,60,60,60,60,1,5
OL,OL CYBORGS,21,2016,80,60,60,60,60,60,1,5
OL,OL CYBORGS,21,2016,80,60,60,60,60,60,1,5
OL,OL CYBORGS,21,2016,80,60,60,60,60,60,1,5
K,K CYBORGS,21,2016,80,60,60,60,60,60,1,5
S,S CYBORGS,21,2016,80,60,60,60,60,60,1,5
CB,CB CYBORGS,21,2016,80,60,60,60,60,60,1,5
DL,DL CYBORGS,21,2016,80,60,60,60,60,60,1,5
DL,DL CYBORGS,21,2016,80,60,60,60,60,60,1,5
DL,DL CYBORGS,21,2016,80,60,60,60,60,60,1,5
DL,DL CYBORGS,21,2016,80,60,60,60,60,60,1,5
LB,LB CYBORGS,21,2016,80,60,60,60,60,60,1,5
LB,LB CYBORGS,21,2016,80,60,60,60,60,60,1,5
LB,LB CYBORGS,21,2016,80,60,60,60,60,60,1,5
RB,Reserve,21,2016,85,60,60,60,60,60,1,5
WR,Reserve,21,2016,85,60,60,60,60,60,1,5
OL,Reserve,21,2016,85,60,60,60,60,60,1,5
K,Reserve,21,2016,85,70,60,60,60,60,1,5
S,Reserve,21,2016,85,60,60,60,60,60,1,5
CB,Reserve,21,2016,85,60,60,60,60,60,1,5
DL,Reserve,21,2016,85,60,60,60,60,60,1,5
LB,Reserve,21,2016,85,60,60,60,60,60,1,5
RB,Reserve,21,2016,85,60,60,60,60,60,1,5
WR,Reserve,21,2016,85,60,60,60,60,60,1,5
OL,Reserve,21,2016,85,60,60,60,60,60,1,5
K,Reserve,21,2016,85,70,60,60,60,60,1,5
S,Reserve,21,2016,85,60,60,60,60,60,1,5
CB,Reserve,21,2016,85,60,60,60,60,60,1,5
DL,Reserve,21,2016,85,60,60,60,60,60,1,5
LB,Reserve,21,2016,85,60,60,60,60,60,1,5
RB,Reserve,21,2016,85,60,60,60,60,60,1,5
WR,Reserve,21,2016,85,60,60,60,60,60,1,5
OL,Reserve,21,2016,85,60,60,60,60,60,1,5
K,Reserve,21,2016,85,70,60,60,60,60,1,5
S,Reserve,21,2016,85,60,60,60,60,60,1,5
CB,Reserve,21,2016,85,60,60,60,60,60,1,5
DL,Reserve,21,2016,85,60,60,60,60,60,1,5
LB,Reserve,21,2016,85,60,60,60,60,60,1,5
RB,Reserve,21,2016,85,60,60,60,60,60,1,5
WR,Reserve,21,2016,85,60,60,60,60,60,1,5
OL,Reserve,21,2016,85,60,60,60,60,60,1,5
K,Reserve,21,2016,85,70,60,60,60,60,1,5
S,Reserve,21,2016,85,60,60,60,60,60,1,5
CB,Reserve,21,2016,85,60,60,60,60,60,1,5
DL,Reserve,21,2016,85,60,60,60,60,60,1,5
LB,Reserve,21,2016,85,60,60,60,60,60,1,5
END_PLAYERS
Zokugaku Chameleons, Z
QB,Habashira Rui,21,2016,80,80,80,80,80,80,1,5
RB,RB CHAMELEONS,21,2016,80,60,60,60,60,60,1,5
RB,RB CHAMELEONS,21,2016,80,60,60,60,60,60,1,5
WR,WR CHAMELEONS,21,2016,80,60,60,60,60,60,1,5
WR,WR CHAMELEONS,21,2016,80,60,60,60,60,60,1,5
WR,WR CHAMELEONS,21,2016,80,60,60,60,60,60,1,5
OL,OL CHAMELEONS,21,2016,80,60,60,60,60,60,1,5
OL,OL CHAMELEONS,21,2016,80,60,60,60,60,60,1,5
OL,OL CHAMELEONS,21,2016,80,60,60,60,60,60,1,5
OL,OL CHAMELEONS,21,2016,80,60,60,60,60,60,1,5
OL,OL CHAMELEONS,21,2016,80,60,60,60,60,60,1,5
K,K CHAMELEONS,21,2016,80,60,60,60,60,60,1,5
S,S CHAMELEONS,21,2016,80,60,60,60,60,60,1,5
CB,CB CHAMELEONS,21,2016,80,60,60,60,60,60,1,5
DL,DL CHAMELEONS,21,2016,80,60,60,60,60,60,1,5
DL,DL CHAMELEONS,21,2016,80,60,60,60,60,60,1,5
DL,DL CHAMELEONS,21,2016,80,60,60,60,60,60,1,5
DL,DL CHAMELEONS,21,2016,80,60,60,60,60,60,1,5
LB,Habashira Rui,21,2016,85,85,85,85,85,85,3,5
LB,LB CHAMELEONS,21,2016,80,60,60,60,60,60,1,5
LB,LB CHAMELEONS,21,2016,80,60,60,60,60,60,1,5
RB,Reserve,21,2016,85,60,60,60,60,60,1,5
WR,Reserve,21,2016,85,60,60,60,60,60,1,5
OL,Reserve,21,2016,85,60,60,60,60,60,1,5
K,Reserve,21,2016,85,70,60,60,60,60,1,5
S,Reserve,21,2016,85,60,60,60,60,60,1,5
CB,Reserve,21,2016,85,60,60,60,60,60,1,5
DL,Reserve,21,2016,85,60,60,60,60,60,1,5
LB,Reserve,21,2016,85,60,60,60,60,60,1,5
RB,Reserve,21,2016,85,60,60,60,60,60,1,5
WR,Reserve,21,2016,85,60,60,60,60,60,1,5
OL,Reserve,21,2016,85,60,60,60,60,60,1,5
K,Reserve,21,2016,85,70,60,60,60,60,1,5
S,Reserve,21,2016,85,60,60,60,60,60,1,5
CB,Reserve,21,2016,85,60,60,60,60,60,1,5
DL,Reserve,21,2016,85,60,60,60,60,60,1,5
LB,Reserve,21,2016,85,60,60,60,60,60,1,5
RB,Reserve,21,2016,85,60,60,60,60,60,1,5
WR,Reserve,21,2016,85,60,60,60,60,60,1,5
OL,Reserve,21,2016,85,60,60,60,60,60,1,5
K,Reserve,21,2016,85,70,60,60,60,60,1,5
S,Reserve,21,2016,85,60,60,60,60,60,1,5
CB,Reserve,21,2016,85,60,60,60,60,60,1,5
DL,Reserve,21,2016,85,60,60,60,60,60,1,5
LB,Reserve,21,2016,85,60,60,60,60,60,1,5
RB,Reserve,21,2016,85,60,60,60,60,60,1,5
WR,Reserve,21,2016,85,60,60,60,60,60,1,5
OL,Reserve,21,2016,85,60,60,60,60,60,1,5
K,Reserve,21,2016,85,70,60,60,60,60,1,5
S,Reserve,21,2016,85,60,60,60,60,60,1,5
CB,Reserve,21,2016,85,60,60,60,60,60,1,5
DL,Reserve,21,2016,85,60,60,60,60,60,1,5
LB,Reserve,21,2016,85,60,60,60,60,60,1,5
END_PLAYERS
Bando Spiders, B
QB,QR SPIDERS,21,2016,80,70,70,70,70,70,1,5
RB,Hayato Akaba,21,2016,99,95,95,95,95,95,1,5
RB,RB SPIDERS,21,2016,80,60,60,60,60,60,1,5
WR,Hayato Akaba,21,2016,99,95,95,95,95,95,1,5
WR,WR SPIDERS,21,2016,80,60,60,60,60,60,1,5
WR,WR SPIDERS,21,2016,80,60,60,60,60,60,1,5
OL,OL SPIDERS,21,2016,80,60,60,60,60,60,1,5
OL,OL SPIDERS,21,2016,80,60,60,60,60,60,1,5
OL,OL SPIDERS,21,2016,80,60,60,60,60,60,1,5
OL,OL SPIDERS,21,2016,80,60,60,60,60,60,1,5
OL,OL SPIDERS,21,2016,80,60,60,60,60,60,1,5
K,Kotaro Sasaki,21,2016,99,98,98,98,98,98,2,5
S,S SPIDERS,21,2016,85,60,60,60,60,60,1,5
CB,CB SPIDERS,21,2016,85,60,60,60,60,60,1,5
DL,DL SPIDERS,21,2016,85,60,60,60,60,60,1,5
DL,DL SPIDERS,21,2016,85,60,60,60,60,60,1,5
DL,DL SPIDERS,21,2016,85,60,60,60,60,60,1,5
DL,DL SPIDERS,21,2016,85,60,60,60,60,60,1,5
LB,LB SPIDERS,21,2016,85,60,60,60,60,60,1,5
LB,LB SPIDERS,21,2016,85,60,60,60,60,60,1,5
LB,LB SPIDERS,21,2016,85,60,60,60,60,60,1,5
RB,Reserve,21,2016,85,60,60,60,60,60,1,5
WR,Reserve,21,2016,85,60,60,60,60,60,1,5
OL,Reserve,21,2016,85,60,60,60,60,60,1,5
K,Reserve,21,2016,85,70,60,60,60,60,1,5
S,Reserve,21,2016,85,60,60,60,60,60,1,5
CB,Reserve,21,2016,85,60,60,60,60,60,1,5
DL,Reserve,21,2016,85,60,60,60,60,60,1,5
LB,Reserve,21,2016,85,60,60,60,60,60,1,5
RB,Reserve,21,2016,85,60,60,60,60,60,1,5
WR,Reserve,21,2016,85,60,60,60,60,60,1,5
OL,Reserve,21,2016,85,60,60,60,60,60,1,5
K,Reserve,21,2016,85,70,60,60,60,60,1,5
S,Reserve,21,2016,85,60,60,60,60,60,1,5
CB,Reserve,21,2016,85,60,60,60,60,60,1,5
DL,Reserve,21,2016,85,60,60,60,60,60,1,5
LB,Reserve,21,2016,85,60,60,60,60,60,1,5
RB,Reserve,21,2016,85,60,60,60,60,60,1,5
WR,Reserve,21,2016,85,60,60,60,60,60,1,5
OL,Reserve,21,2016,85,60,60,60,60,60,1,5
K,Reserve,21,2016,85,70,60,60,60,60,1,5
S,Reserve,21,2016,85,60,60,60,60,60,1,5
CB,Reserve,21,2016,85,60,60,60,60,60,1,5
DL,Reserve,21,2016,85,60,60,60,60,60,1,5
LB,Reserve,21,2016,85,60,60,60,60,60,1,5
END_PLAYERS
Kyoshin Poseidon, KYO
QB,Osamu Kobanzame,21,2016,89,86,87,88,85,86,1,5
RB,RB POSEIDON,21,2016,85,70,70,70,70,70,1,5
RB,RB POSEIDON,21,2016,85,70,70,70,70,70,1,5
WR,WR POSEIDON,21,2016,85,70,70,70,70,70,1,5
WR,WR POSEIDON,21,2016,85,60,60,60,60,60,1,5
WR,WR POSEIDON,21,2016,85,60,60,60,60,60,1,5
OL,Kengo Mizumachi,21,2016,99,99,99,99,99,99,2,5
OL,Hiroshi Ohira,21,2016,87,85,85,85,85,85,2,5
OL,Hiroshi Onishi,22,2016,90,87,87,87,87,87,2,5
OL,OL POSEIDON,21,2016,85,60,60,60,60,60,1,5
OL,OL POSEIDON,21,2016,85,60,60,60,60,60,1,5
K,K POSEIDON,21,2016,85,60,60,60,60,60,1,5
S,S POSEIDON,21,2016,85,60,60,60,60,60,1,5
CB,Shun Kakei,21,2016,99,99,99,99,99,99,1,5
DL,Kengo Mizumachi,21,2016,99,99,99,99,99,99,2,5
DL,Hiroshi Ohira,21,2016,87,85,85,85,85,85,2,5
DL,Hiroshi Onishi,22,2016,90,87,87,87,87,87,2,5
DL,DL POSEIDON,21,2016,85,60,60,60,60,60,1,5
LB,Shun Kakei,21,2016,99,98,98,98,98,98,3,5
LB,LB POSEIDON,21,2016,85,60,60,60,60,60,1,5
LB,LB POSEIDON,21,2016,85,60,60,60,60,60,1,5
RB,Reserve,21,2016,85,60,60,60,60,60,1,5
WR,Reserve,21,2016,85,60,60,60,60,60,1,5
OL,Reserve,21,2016,85,60,60,60,60,60,1,5
K,Reserve,21,2016,85,70,60,60,60,60,1,5
S,Reserve,21,2016,85,60,60,60,60,60,1,5
CB,Reserve,21,2016,85,60,60,60,60,60,1,5
DL,Reserve,21,2016,85,60,60,60,60,60,1,5
LB,Reserve,21,2016,85,60,60,60,60,60,1,5
RB,Reserve,21,2016,85,60,60,60,60,60,1,5
WR,Reserve,21,2016,85,60,60,60,60,60,1,5
OL,Reserve,21,2016,85,60,60,60,60,60,1,5
K,Reserve,21,2016,85,70,60,60,60,60,1,5
S,Reserve,21,2016,85,60,60,60,60,60,1,5
CB,Reserve,21,2016,85,60,60,60,60,60,1,5
DL,Reserve,21,2016,85,60,60,60,60,60,1,5
LB,Reserve,21,2016,85,60,60,60,60,60,1,5
RB,Reserve,21,2016,85,60,60,60,60,60,1,5
WR,Reserve,21,2016,85,60,60,60,60,60,1,5
OL,Reserve,21,2016,85,60,60,60,60,60,1,5
K,Reserve,21,2016,85,70,60,60,60,60,1,5
S,Reserve,21,2016,85,60,60,60,60,60,1,5
CB,Reserve,21,2016,85,60,60,60,60,60,1,5
DL,Reserve,21,2016,85,60,60,60,60,60,1,5
LB,Reserve,21,2016,85,60,60,60,60,60,1,5
RB,Reserve,21,2016,85,60,60,60,60,60,1,5
WR,Reserve,21,2016,85,60,60,60,60,60,1,5
OL,Reserve,21,2016,85,60,60,60,60,60,1,5
K,Reserve,21,2016,85,70,60,60,60,60,1,5
S,Reserve,21,2016,85,60,60,60,60,60,1,5
CB,Reserve,21,2016,85,60,60,60,60,60,1,5
DL,Reserve,21,2016,85,60,60,60,60,60,1,5
LB,Reserve,21,2016,85,60,60,60,60,60,1,5
END_PLAYERS
Northern Light Blizzards, NLB
QB,Nikolai Nikolaevich,21,2016,82,85,85,85,85,85,2,5
RB,RB BLIZZARDS,21,2016,85,60,60,60,60,60,1,5
RB,RB BLIZZARDS,21,2016,85,60,60,60,60,60,1,5
WR,WR BLIZZARDS,21,2016,85,60,60,60,60,60,1,5
WR,WR BLIZZARDS,21,2016,85,60,60,60,60,60,1,5
WR,WR BLIZZARDS,21,2016,85,60,60,60,60,60,1,5
OL,Ivan Ivanov,22,2016,83,85,85,85,85,85,3,5
OL,Owain Ivanov,21,2016,81,82,82,82,82,82,2,5
OL,OL BLIZZARDS,21,2016,85,60,60,60,60,60,1,5
OL,OL BLIZZARDS,21,2016,85,60,60,60,60,60,1,5
OL,OL BLIZZARDS,21,2016,85,60,60,60,60,60,1,5
K,K BLIZZARDS,21,2016,85,60,60,60,60,60,1,5
S,S BLIZZARDS,21,2016,85,60,60,60,60,60,1,5
CB,CB BLIZZARDS,21,2016,85,60,60,60,60,60,1,5
DL,DL BLIZZARDS,21,2016,85,60,60,60,60,60,1,5
DL,Owain Ivanov,21,2016,81,82,82,82,82,82,2,5
DL,Ivan Ivanov,22,2016,83,85,85,85,85,85,3,5
DL,DL BLIZZARDS,21,2016,85,60,60,60,60,60,1,5
LB,LB BLIZZARDS,21,2016,85,60,60,60,60,60,1,5
LB,LB BLIZZARDS,21,2016,85,60,60,60,60,60,1,5
LB,LB BLIZZARDS,21,2016,85,60,60,60,60,60,1,5
RB,Reserve,21,2016,85,60,60,60,60,60,1,5
WR,Reserve,21,2016,85,60,60,60,60,60,1,5
OL,Reserve,21,2016,85,60,60,60,60,60,1,5
K,Reserve,21,2016,85,70,60,60,60,60,1,5
S,Reserve,21,2016,85,60,60,60,60,60,1,5
CB,Reserve,21,2016,85,60,60,60,60,60,1,5
DL,Reserve,21,2016,85,60,60,60,60,60,1,5
LB,Reserve,21,2016,85,60,60,60,60,60,1,5
RB,Reserve,21,2016,85,60,60,60,60,60,1,5
WR,Reserve,21,2016,85,60,60,60,60,60,1,5
OL,Reserve,21,2016,85,60,60,60,60,60,1,5
K,Reserve,21,2016,85,70,60,60,60,60,1,5
S,Reserve,21,2016,85,60,60,60,60,60,1,5
CB,Reserve,21,2016,85,60,60,60,60,60,1,5
DL,Reserve,21,2016,85,60,60,60,60,60,1,5
LB,Reserve,21,2016,85,60,60,60,60,60,1,5
RB,Reserve,21,2016,85,60,60,60,60,60,1,5
WR,Reserve,21,2016,85,60,60,60,60,60,1,5
OL,Reserve,21,2016,85,60,60,60,60,60,1,5
K,Reserve,21,2016,85,70,60,60,60,60,1,5
S,Reserve,21,2016,85,60,60,60,60,60,1,5
CB,Reserve,21,2016,85,60,60,60,60,60,1,5
DL,Reserve,21,2016,85,60,60,60,60,60,1,5
LB,Reserve,21,2016,85,60,60,60,60,60,1,5
END_PLAYERS
Shinryuji Naga, SHI
QB,Unsui Kongo,21,2016,90,89,89,89,89,89,2,5
RB,Agon Kongo,21,2016,99,99,99,99,99,99,2,5
RB,RB NAGA,21,2016,85,70,70,70,70,70,1,5
WR,Ikkyu Hosokawa,21,2016,97,97,97,97,97,97,3,5
WR,WR NAGA,21,2016,85,70,70,70,70,70,1,5
WR,WR NAGA,21,2016,85,70,70,70,70,70,1,5
OL,Gondayu Yamabushi,21,2016,90,90,90,90,90,90,2,5
OL,OL NAGA,21,2016,85,70,70,70,70,70,1,5
OL,OL NAGA,21,2016,85,70,70,70,70,70,1,5
OL,OL NAGA,21,2016,85,70,70,70,70,70,1,5
OL,OL NAGA,21,2016,85,70,70,70,70,70,1,5
K,K NAGA,21,2016,85,70,70,70,70,70,1,5
S,S NAGA,21,2016,85,70,70,70,70,70,1,5
CB,Ikkyu Hosokawa,21,2016,97,97,97,97,97,97,3,5
DL,Gondayu Yamabushi,21,2016,90,90,90,90,90,90,2,5
DL,DL NAGAS,21,2016,85,70,70,70,70,70,1,5
DL,DL NAGAS,21,2016,85,70,70,70,70,70,1,5
DL,DL NAGAS,21,2016,85,70,70,70,70,70,1,5
LB,Agon Kongo,21,2016,99,99,99,99,99,99,2,5
LB,LB NAGA,21,2016,85,70,70,70,70,70,1,5
LB,LB NAGA,21,2016,85,70,70,70,70,70,1,5
RB,Reserve,21,2016,85,60,60,60,60,60,1,5
WR,Reserve,21,2016,85,60,60,60,60,60,1,5
OL,Reserve,21,2016,85,60,60,60,60,60,1,5
K,Reserve,21,2016,85,70,60,60,60,60,1,5
S,Reserve,21,2016,85,60,60,60,60,60,1,5
CB,Reserve,21,2016,85,60,60,60,60,60,1,5
DL,Reserve,21,2016,85,60,60,60,60,60,1,5
LB,Reserve,21,2016,85,60,60,60,60,60,1,5
RB,Reserve,21,2016,85,60,60,60,60,60,1,5
WR,Reserve,21,2016,85,60,60,60,60,60,1,5
OL,Reserve,21,2016,85,60,60,60,60,60,1,5
K,Reserve,21,2016,85,70,60,60,60,60,1,5
S,Reserve,21,2016,85,60,60,60,60,60,1,5
CB,Reserve,21,2016,85,60,60,60,60,60,1,5
DL,Reserve,21,2016,85,60,60,60,60,60,1,5
LB,Reserve,21,2016,85,60,60,60,60,60,1,5
RB,Reserve,21,2016,85,60,60,60,60,60,1,5
WR,Reserve,21,2016,85,60,60,60,60,60,1,5
OL,Reserve,21,2016,85,60,60,60,60,60,1,5
K,Reserve,21,2016,85,70,60,60,60,60,1,5
S,Reserve,21,2016,85,60,60,60,60,60,1,5
CB,Reserve,21,2016,85,60,60,60,60,60,1,5
DL,Reserve,21,2016,85,60,60,60,60,60,1,5
LB,Reserve,21,2016,85,60,60,60,60,60,1,5
END_PLAYERS
Ojo White Knights, OJO
QB,Ichiro Takami,21,2016,87,85,85,85,85,85,2,5
RB,Keisuke Nekoyama,21,2016,83,84,85,82,82,85,2,5
RB,Shoichi Mayumura,21,2016,83,84,85,82,82,85,2,5
RB,Seijuro Shin,21,2016,99,99,99,99,99,99,5,5
WR,Haruto Sakuraba,21,2016,98,98,98,98,98,98,2,5
WR,Shun Kankazi,21,2016,83,84,85,82,82,85,2,5
OL,Makoto Otawara,21,2016,90,90,90,90,90,90,2,5
OL,Reiji Kagamido,21,2016,83,84,85,82,82,85,2,5
OL,Atsuo Iwabana,21,2016,83,84,85,82,82,85,2,5
OL,Eiji Suzuki,21,2016,83,84,85,82,82,85,2,5
OL,Yoshinori Agota,21,2016,83,84,85,82,82,85,2,5
K,Hiroyuki Iguchi,21,2016,83,84,85,82,82,85,2,5
S,Tadashi Tsurime,21,2016,83,84,85,82,82,85,2,5
S,Sota Nakawaki,21,2016,83,84,85,82,82,85,2,5
CB,Haruto Sakuraba,21,2016,98,98,98,98,98,98,2,5
DL,Daigo Ikari,21,2016,83,84,85,82,82,85,2,5
DL,Makoto Otawara,21,2016,90,90,90,90,90,90,2,5
DL,Naoki Uemura,21,2016,83,84,85,82,82,85,2,5
DL,Yorihiro Watanabe,21,2016,83,84,85,82,82,85,2,5
LB,Seijuro Shin,21,2016,99,99,99,99,99,99,5,5
LB,Kyohei Yakumaru,21,2016,83,84,85,82,82,85,2,5
LB,Takaya Gushiken,21,2016,83,84,85,82,82,85,2,5
RB,Reserve,21,2016,85,60,60,60,60,60,1,5
WR,Reserve,21,2016,85,60,60,60,60,60,1,5
OL,Reserve,21,2016,85,60,60,60,60,60,1,5
K,Reserve,21,2016,85,70,60,60,60,60,1,5
S,Reserve,21,2016,85,60,60,60,60,60,1,5
CB,Reserve,21,2016,85,60,60,60,60,60,1,5
DL,Reserve,21,2016,85,60,60,60,60,60,1,5
LB,Reserve,21,2016,85,60,60,60,60,60,1,5
RB,Reserve,21,2016,85,60,60,60,60,60,1,5
WR,Reserve,21,2016,85,60,60,60,60,60,1,5
OL,Reserve,21,2016,85,60,60,60,60,60,1,5
K,Reserve,21,2016,85,70,60,60,60,60,1,5
S,Reserve,21,2016,85,60,60,60,60,60,1,5
CB,Reserve,21,2016,85,60,60,60,60,60,1,5
DL,Reserve,21,2016,85,60,60,60,60,60,1,5
LB,Reserve,21,2016,85,60,60,60,60,60,1,5
RB,Reserve,21,2016,85,60,60,60,60,60,1,5
WR,Reserve,21,2016,85,60,60,60,60,60,1,5
OL,Reserve,21,2016,85,60,60,60,60,60,1,5
K,Reserve,21,2016,85,70,60,60,60,60,1,5
S,Reserve,21,2016,85,60,60,60,60,60,1,5
CB,Reserve,21,2016,85,60,60,60,60,60,1,5
DL,Reserve,21,2016,85,60,60,60,60,60,1,5
LB,Reserve,21,2016,85,60,60,60,60,60,1,5
END_PLAYERS
Yuhi Guts, YUH
QB,Daisuke Atsumi,21,2016,85,80,80,80,80,80,2,5
RB,Shinobu Haibara,21,2016,85,80,80,80,80,80,2,5
RB,RB GUTS,21,2016,85,60,60,60,60,60,1,5
WR,WR GUTS,21,2016,85,60,60,60,60,60,1,5
WR,WR GUTS,21,2016,85,60,60,60,60,60,1,5
WR,WR GUTS,21,2016,85,60,60,60,60,60,1,5
OL,OL GUTS,21,2016,85,60,60,60,60,60,1,5
OL,OL GUTS,21,2016,85,60,60,60,60,60,1,5
OL,OL GUTS,21,2016,85,60,60,60,60,60,1,5
OL,OL GUTS,21,2016,85,60,60,60,60,60,1,5
OL,OL GUTS,21,2016,85,60,60,60,60,60,1,5
K,K GUTS,21,2016,85,70,60,60,60,60,1,5
S,S GUTS,21,2016,85,60,60,60,60,60,1,5
CB,CB GUTS,21,2016,85,60,60,60,60,60,1,5
DL,DL GUTS,21,2016,85,60,60,60,60,60,1,5
DL,DL GUTS,21,2016,85,60,60,60,60,60,1,5
DL,DL GUTS,21,2016,85,60,60,60,60,60,1,5
DL,DL GUTS,21,2016,85,60,60,60,60,60,1,5
LB,LB GUTS,21,2016,85,60,60,60,60,60,1,5
LB,LB GUTS,21,2016,85,60,60,60,60,60,1,5
LB,LB GUTS,21,2016,85,60,60,60,60,60,1,5
RB,Reserve,21,2016,85,60,60,60,60,60,1,5
WR,Reserve,21,2016,85,60,60,60,60,60,1,5
OL,Reserve,21,2016,85,60,60,60,60,60,1,5
K,Reserve,21,2016,85,70,60,60,60,60,1,5
S,Reserve,21,2016,85,60,60,60,60,60,1,5
CB,Reserve,21,2016,85,60,60,60,60,60,1,5
DL,Reserve,21,2016,85,60,60,60,60,60,1,5
LB,Reserve,21,2016,85,60,60,60,60,60,1,5
RB,Reserve,21,2016,85,60,60,60,60,60,1,5
WR,Reserve,21,2016,85,60,60,60,60,60,1,5
OL,Reserve,21,2016,85,60,60,60,60,60,1,5
K,Reserve,21,2016,85,70,60,60,60,60,1,5
S,Reserve,21,2016,85,60,60,60,60,60,1,5
CB,Reserve,21,2016,85,60,60,60,60,60,1,5
DL,Reserve,21,2016,85,60,60,60,60,60,1,5
LB,Reserve,21,2016,85,60,60,60,60,60,1,5
RB,Reserve,21,2016,85,60,60,60,60,60,1,5
WR,Reserve,21,2016,85,60,60,60,60,60,1,5
OL,Reserve,21,2016,85,60,60,60,60,60,1,5
K,Reserve,21,2016,85,70,60,60,60,60,1,5
S,Reserve,21,2016,85,60,60,60,60,60,1,5
CB,Reserve,21,2016,85,60,60,60,60,60,1,5
DL,Reserve,21,2016,85,60,60,60,60,60,1,5
LB,Reserve,21,2016,85,60,60,60,60,60,1,5
END_PLAYERS
Savanna Survivors, SAV
QB,QR SURVIVORS,21,2016,85,60,60,60,60,60,1,5
RB,Jono,21,2016,90,90,90,90,90,90,6,5
RB,RB SURVIVORS,21,2016,85,60,60,60,60,60,1,5
WR,WR SURVIVORS,21,2016,85,60,60,60,60,60,1,5
WR,WR SURVIVORS,21,2016,85,60,60,60,60,60,1,5
WR,WR SURVIVORS,21,2016,85,60,60,60,60,60,1,5
OL,OL SURVIVORS,21,2016,85,60,60,60,60,60,1,5
OL,OL SURVIVORS,21,2016,85,60,60,60,60,60,1,5
OL,OL SURVIVORS,21,2016,85,60,60,60,60,60,1,5
OL,OL SURVIVORS,21,2016,85,60,60,60,60,60,1,5
OL,OL SURVIVORS,21,2016,85,60,60,60,60,60,1,5
K,K SURVIVORS,21,2016,85,70,60,60,60,60,1,5
S,S SURVIVORS,21,2016,85,60,60,60,60,60,1,5
CB,CB SURVIVORS,21,2016,85,60,60,60,60,60,1,5
DL,DL SURVIVORS,21,2016,85,60,60,60,60,60,1,5
DL,DL SURVIVORS,21,2016,85,60,60,60,60,60,1,5
DL,DL SURVIVORS,21,2016,85,60,60,60,60,60,1,5
DL,DL SURVIVORS,21,2016,85,60,60,60,60,60,1,5
LB,LB SURVIVORS,21,2016,85,60,60,60,60,60,1,5
LB,LB SURVIVORS,21,2016,85,60,60,60,60,60,1,5
LB,LB SURVIVORS,21,2016,85,60,60,60,60,60,1,5
RB,Reserve,21,2016,85,60,60,60,60,60,1,5
WR,Reserve,21,2016,85,60,60,60,60,60,1,5
OL,Reserve,21,2016,85,60,60,60,60,60,1,5
K,Reserve,21,2016,85,70,60,60,60,60,1,5
S,Reserve,21,2016,85,60,60,60,60,60,1,5
CB,Reserve,21,2016,85,60,60,60,60,60,1,5
DL,Reserve,21,2016,85,60,60,60,60,60,1,5
LB,Reserve,21,2016,85,60,60,60,60,60,1,5
RB,Reserve,21,2016,85,60,60,60,60,60,1,5
WR,Reserve,21,2016,85,60,60,60,60,60,1,5
OL,Reserve,21,2016,85,60,60,60,60,60,1,5
K,Reserve,21,2016,85,70,60,60,60,60,1,5
S,Reserve,21,2016,85,60,60,60,60,60,1,5
CB,Reserve,21,2016,85,60,60,60,60,60,1,5
DL,Reserve,21,2016,85,60,60,60,60,60,1,5
LB,Reserve,21,2016,85,60,60,60,60,60,1,5
RB,Reserve,21,2016,85,60,60,60,60,60,1,5
WR,Reserve,21,2016,85,60,60,60,60,60,1,5
OL,Reserve,21,2016,85,60,60,60,60,60,1,5
K,Reserve,21,2016,85,70,60,60,60,60,1,5
S,Reserve,21,2016,85,60,60,60,60,60,1,5
CB,Reserve,21,2016,85,60,60,60,60,60,1,5
DL,Reserve,21,2016,85,60,60,60,60,60,1,5
LB,Reserve,21,2016,85,60,60,60,60,60,1,5
RB,Reserve,21,2016,85,60,60,60,60,60,1,5
WR,Reserve,21,2016,85,60,60,60,60,60,1,5
OL,Reserve,21,2016,85,60,60,60,60,60,1,5
K,Reserve,21,2016,85,70,60,60,60,60,1,5
S,Reserve,21,2016,85,60,60,60,60,60,1,5
CB,Reserve,21,2016,85,60,60,60,60,60,1,5
DL,Reserve,21,2016,85,60,60,60,60,60,1,5
LB,Reserve,21,2016,85,60,60,60,60,60,1,5
END_PLAYERS
Seibu Wild Gunmen, SEI
QB,Shien Mushanokoji,21,2016,99,99,99,99,99,99
RB,Riku Kaitani,21,2016,99,95,95,95,95,95,2,5
RB,Yosuke Iseri,21,2016,83,84,85,82,82,85,2,5
WR,Jo Tetsuma,21,2016,95,95,95,95,95,95,2,5
WR,Rokuro Hata,21,2016,83,84,85,82,82,85,2,5
WR,Tetsuro Kokonoe,21,2016,83,84,85,82,82,85,2,5
OL,Buharou Ushijima,21,2016,83,84,85,82,82,85,2,5
OL,Ryosuke Haga,21,2016,83,84,85,82,82,85,2,5
OL,Soji Nishina,21,2016,83,84,85,82,82,85,2,5
OL,Mototsugu Hazama 21,2016,83,84,85,82,82,85,2,5
OL,Hinata Shiraishi,21,2016,83,84,85,82,82,85,2,5
K,Oguri Babayama,21,2016,83,84,85,82,82,85,2,5
S,Riku Kaitani,21,2016,99,95,95,95,95,95,2,5
CB,Tetsuo Yokome,21,2016,83,84,85,82,82,85,2,5
DL,Buharou Ushijima,21,2016,83,84,85,82,82,85,2,5
DL,Ryosuke Haga,21,2016,83,84,85,82,82,85,2,5
DL,Mototsugu Hazama 21,2016,83,84,85,82,82,85,2,5
DL,Soji Nishina,21,2016,83,84,85,82,82,85,2,5
LB,Santa Saiyama,21,2016,83,84,85,82,82,85,2,5
LB,Hinata Shiraishi,21,2016,83,84,85,82,82,85,2,5
LB,Kakumichi Ushio,21,2016,83,84,85,82,82,85,2,5
RB,Reserve,21,2016,85,60,60,60,60,60,1,5
WR,Reserve,21,2016,85,60,60,60,60,60,1,5
OL,Reserve,21,2016,85,60,60,60,60,60,1,5
K,Reserve,21,2016,85,70,60,60,60,60,1,5
S,Reserve,21,2016,85,60,60,60,60,60,1,5
CB,Reserve,21,2016,85,60,60,60,60,60,1,5
DL,Reserve,21,2016,85,60,60,60,60,60,1,5
LB,Reserve,21,2016,85,60,60,60,60,60,1,5
RB,Reserve,21,2016,85,60,60,60,60,60,1,5
WR,Reserve,21,2016,85,60,60,60,60,60,1,5
OL,Reserve,21,2016,85,60,60,60,60,60,1,5
K,Reserve,21,2016,85,70,60,60,60,60,1,5
S,Reserve,21,2016,85,60,60,60,60,60,1,5
CB,Reserve,21,2016,85,60,60,60,60,60,1,5
DL,Reserve,21,2016,85,60,60,60,60,60,1,5
LB,Reserve,21,2016,85,60,60,60,60,60,1,5
RB,Reserve,21,2016,85,60,60,60,60,60,1,5
WR,Reserve,21,2016,85,60,60,60,60,60,1,5
OL,Reserve,21,2016,85,60,60,60,60,60,1,5
K,Reserve,21,2016,85,70,60,60,60,60,1,5
S,Reserve,21,2016,85,60,60,60,60,60,1,5
CB,Reserve,21,2016,85,60,60,60,60,60,1,5
DL,Reserve,21,2016,85,60,60,60,60,60,1,5
LB,Reserve,21,2016,85,60,60,60,60,60,1,5
RB,Reserve,21,2016,85,60,60,60,60,60,1,5
WR,Reserve,21,2016,85,60,60,60,60,60,1,5
OL,Reserve,21,2016,85,60,60,60,60,60,1,5
K,Reserve,21,2016,85,70,60,60,60,60,1,5
S,Reserve,21,2016,85,60,60,60,60,60,1,5
CB,Reserve,21,2016,85,60,60,60,60,60,1,5
DL,Reserve,21,2016,85,60,60,60,60,60,1,5
LB,Reserve,21,2016,85,60,60,60,60,60,1,5
END_PLAYERS
Taiyo Sphinx, TAI
QB,Kiminari Harao,21,2016,85,75,74,73,72,71,5,5
RB,RB SPHINX,21,2016,85,60,60,60,60,60,1,5
RB,RB SPHINX,21,2016,85,60,60,60,60,60,1,5
WR,WR SPHINX,21,2016,85,60,60,60,60,60,1,5
WR,WR SPHINX,21,2016,85,60,60,60,60,60,1,5
WR,WR SPHINX,21,2016,85,60,60,60,60,60,1,5
OL,Mamoru Banba,21,2016,97,97,97,97,97,97,1,5
OL,Niinobu Kasamatsu,21,2016,83,84,85,82,82,85,2,5
OL,OL SPHINX,21,2016,85,60,60,60,60,60,1,5
OL,OL SPHINX,21,2016,85,60,60,60,60,60,1,5
OL,OL SPHINX,21,2016,85,60,60,60,60,60,1,5
K,K SPHINX,21,2016,85,70,60,60,60,60,1,5
S,S SPHINX,21,2016,85,60,60,60,60,60,1,5
CB,Ken Kamaguruma,21,2016,83,84,85,82,82,85,2,5
DL,Mamoru Banba,21,2016,97,97,97,97,97,97,1,5
DL,Niinobu Kasamatsu,21,2016,83,84,85,82,82,85,2,5
DL,DL SPHINX,21,2016,85,60,60,60,60,60,1,5
DL,DL SPHINX,21,2016,85,60,60,60,60,60,1,5
LB,LB SPHINX,21,2016,85,60,60,60,60,60,1,5
LB,LB SPHINX,21,2016,85,60,60,60,60,60,1,5
LB,LB SPHINX,21,2016,85,60,60,60,60,60,1,5
RB,Reserve,21,2016,85,60,60,60,60,60,1,5
WR,Reserve,21,2016,85,60,60,60,60,60,1,5
OL,Reserve,21,2016,85,60,60,60,60,60,1,5
K,Reserve,21,2016,85,70,60,60,60,60,1,5
S,Reserve,21,2016,85,60,60,60,60,60,1,5
CB,Reserve,21,2016,85,60,60,60,60,60,1,5
DL,Reserve,21,2016,85,60,60,60,60,60,1,5
LB,Reserve,21,2016,85,60,60,60,60,60,1,5
RB,Reserve,21,2016,85,60,60,60,60,60,1,5
WR,Reserve,21,2016,85,60,60,60,60,60,1,5
OL,Reserve,21,2016,85,60,60,60,60,60,1,5
K,Reserve,21,2016,85,70,60,60,60,60,1,5
S,Reserve,21,2016,85,60,60,60,60,60,1,5
CB,Reserve,21,2016,85,60,60,60,60,60,1,5
DL,Reserve,21,2016,85,60,60,60,60,60,1,5
LB,Reserve,21,2016,85,60,60,60,60,60,1,5
END_PLAYERS
Dokubari Scorpions, DOK
QB,Sasuke Kanagushi,21,2O16,80,80,80,80,80,80,1,5
RB,RB SCORPIONS,21,2016,85,60,60,60,60,60,1,5
RB,RB SCORPIONS,21,2016,85,60,60,60,60,60,1,5
WR,WR SCORPIONS,21,2016,85,60,60,60,60,60,1,5
WR,WR SCORPIONS,21,2016,85,60,60,60,60,60,1,5
WR,WR SCORPIONS,21,2016,85,60,60,60,60,60,1,5
OL,OL SCORPIONS,21,2016,85,60,60,60,60,60,1,5
OL,OL SCORPIONS,21,2016,85,60,60,60,60,60,1,5
OL,OL SCORPIONS,21,2016,85,60,60,60,60,60,1,5
OL,OL SCORPIONS,21,2016,85,60,60,60,60,60,1,5
OL,OL SCORPIONS,21,2016,85,60,60,60,60,60,1,5
K,K SCORPIONS,21,2016,85,70,60,60,60,60,1,5
S,S SCORPIONS,21,2016,85,60,60,60,60,60,1,5
CB,CB SCORPIONS,21,2016,85,60,60,60,60,60,1,5
DL,DL SCORPIONS,21,2016,85,60,60,60,60,60,1,5
DL,DL SCORPIONS,21,2016,85,60,60,60,60,60,1,5
DL,DL SCORPIONS,21,2016,85,60,60,60,60,60,1,5
DL,DL SCORPIONS,21,2016,85,60,60,60,60,60,1,5
LB,LB SCORPIONS,21,2016,85,60,60,60,60,60,1,5
LB,LB SCORPIONS,21,2016,85,60,60,60,60,60,1,5
LB,LB SCORPIONS,21,2016,85,60,60,60,60,60,1,5
RB,Reserve,21,2016,85,60,60,60,60,60,1,5
WR,Reserve,21,2016,85,60,60,60,60,60,1,5
OL,Reserve,21,2016,85,60,60,60,60,60,1,5
K,Reserve,21,2016,85,70,60,60,60,60,1,5
S,Reserve,21,2016,85,60,60,60,60,60,1,5
CB,Reserve,21,2016,85,60,60,60,60,60,1,5
DL,Reserve,21,2016,85,60,60,60,60,60,1,5
LB,Reserve,21,2016,85,60,60,60,60,60,1,5
RB,Reserve,21,2016,85,60,60,60,60,60,1,5
WR,Reserve,21,2016,85,60,60,60,60,60,1,5
OL,Reserve,21,2016,85,60,60,60,60,60,1,5
K,Reserve,21,2016,85,70,60,60,60,60,1,5
S,Reserve,21,2016,85,60,60,60,60,60,1,5
CB,Reserve,21,2016,85,60,60,60,60,60,1,5
DL,Reserve,21,2016,85,60,60,60,60,60,1,5
LB,Reserve,21,2016,85,60,60,60,60,60,1,5
END_PLAYERS
Misaki Wolves, MIS
QB,QR WOLVES,21,2016,85,60,60,60,60,60,1,5
RB,Taiga Kamiya,21,2016,89,89,89,89,89,89,5,5
RB,RB WOLVES,21,2016,85,60,60,60,60,60,1,5
RB,RB WOLVES,21,2016,85,60,60,60,60,60,1,5
WR,WR WOLVES,21,2016,85,60,60,60,60,60,1,5
WR,WR WOLVES,21,2016,85,60,60,60,60,60,1,5
WR,WR WOLVES,21,2016,85,60,60,60,60,60,1,5
OL,OL WOLVES,21,2016,85,60,60,60,60,60,1,5
OL,OL WOLVES,21,2016,85,60,60,60,60,60,1,5
OL,OL WOLVES,21,2016,85,60,60,60,60,60,1,5
OL,OL WOLVES,21,2016,85,60,60,60,60,60,1,5
OL,OL WOLVES,21,2016,85,60,60,60,60,60,1,5
K,K WOLVES,21,2016,85,70,60,60,60,60,1,5
S,S WOLVES,21,2016,85,60,60,60,60,60,1,5
CB,CB WOLVESS,21,2016,85,60,60,60,60,60,1,5
DL,DL WOLVES,21,2016,85,60,60,60,60,60,1,5
DL,DL WOLVES,21,2016,85,60,60,60,60,60,1,5
DL,DL WOLVES,21,2016,85,60,60,60,60,60,1,5
DL,DL WOLVES,21,2016,85,60,60,60,60,60,1,5
LB,LB WOLVES,21,2016,85,60,60,60,60,60,1,5
LB,LB WOLVES,21,2016,85,60,60,60,60,60,1,5
LB,LB WOLVES,21,2016,85,60,60,60,60,60,1,5
RB,Reserve,21,2016,85,60,60,60,60,60,1,5
WR,Reserve,21,2016,85,60,60,60,60,60,1,5
OL,Reserve,21,2016,85,60,60,60,60,60,1,5
K,Reserve,21,2016,85,70,60,60,60,60,1,5
S,Reserve,21,2016,85,60,60,60,60,60,1,5
CB,Reserve,21,2016,85,60,60,60,60,60,1,5
DL,Reserve,21,2016,85,60,60,60,60,60,1,5
LB,Reserve,21,2016,85,60,60,60,60,60,1,5
RB,Reserve,21,2016,85,60,60,60,60,60,1,5
WR,Reserve,21,2016,85,60,60,60,60,60,1,5
OL,Reserve,21,2016,85,60,60,60,60,60,1,5
K,Reserve,21,2016,85,70,60,60,60,60,1,5
S,Reserve,21,2016,85,60,60,60,60,60,1,5
CB,Reserve,21,2016,85,60,60,60,60,60,1,5
DL,Reserve,21,2016,85,60,60,60,60,60,1,5
LB,Reserve,21,2016,85,60,60,60,60,60,1,5
END_PLAYERS
Teikoku Alexanders, TEI
QB,Karin Koizumi,21,2016,91,91,91,91,91,91,0.5,5
QB,Kirio Ibarada,21,2016,90,83,83,83,83,83,2,5
RB,Dojiro Tenma,21,2016,90,90,90,90,90,90,1,5
RB,Takeru Yamato,21,2016,99,99,99,99,99,99,2,5
WR,Honjo Taka,21,2016,99,99,99,99,99,99,2,5
WR,Mikoto Sano,21,2016,90,90,90,90,90,90,1,5
WR,WR ALEXANDERS,21,2016,89,89,89,89,89,89,1,5
OL,Kureji Hera,21,2016,95,95,95,95,95,95,1,5
OL,Aki Reisuke,21,2016,90,90,90,90,90,90,1,5
OL,Orio Tokashiki,21,2016,90,90,90,90,90,90,1,5
OL,OL ALEXANDERS,21,2016,89,89,89,89,89,89,1,5
OL,OL ALEXANDERS,21,2016,89,89,89,89,89,89,1,5
K,Hotei,21,2016,90,88,88,88,88,88,1,5
S,S ALEXANDERS,21,2016,89,89,89,89,89,89,1,5
CB,Honjo Taka,21,2016,99,99,99,99,99,99,2,5
DL,DL ALEXANDERS,21,2016,89,89,89,89,89,89,1,5
DL,DL ALEXANDERS,21,2016,89,89,89,89,89,89,1,5
DL,DL ALEXANDERS,21,2016,89,89,89,89,89,89,1,5
DL,DL ALEXANDERS,21,2016,89,89,89,89,89,89,1,5
DL,DL ALEXANDERS,21,2016,89,89,89,89,89,89,1,5
LB,Takeru Yamato,21,2016,99,99,99,99,99,99,2,5
LB,LB ALEXANDERS,21,2016,89,89,89,89,89,89,1,5
LB,LB ALEXANDERS,21,2016,89,89,89,89,89,89,1,5
RB,Reserve,21,2016,85,60,60,60,60,60,1,5
WR,Reserve,21,2016,85,60,60,60,60,60,1,5
OL,Reserve,21,2016,85,60,60,60,60,60,1,5
K,Reserve,21,2016,85,70,60,60,60,60,1,5
S,Reserve,21,2016,85,60,60,60,60,60,1,5
CB,Reserve,21,2016,85,60,60,60,60,60,1,5
DL,Reserve,21,2016,85,60,60,60,60,60,1,5
LB,Reserve,21,2016,85,60,60,60,60,60,1,5
RB,Reserve,21,2016,85,60,60,60,60,60,1,5
WR,Reserve,21,2016,85,60,60,60,60,60,1,5
OL,Reserve,21,2016,85,60,60,60,60,60,1,5
K,Reserve,21,2016,85,70,60,60,60,60,1,5
S,Reserve,21,2016,85,60,60,60,60,60,1,5
CB,Reserve,21,2016,85,60,60,60,60,60,1,5
DL,Reserve,21,2016,85,60,60,60,60,60,1,5
LB,Reserve,21,2016,85,60,60,60,60,60,1,5
END_PLAYERS
Hakushu Dinosaurs, HAK
QB,Reiji Maruko,21,2016,90,90,90,90,90,90,2,5
RB,RB DINOSAURS,21,2016,85,60,60,60,60,60,1,5
RB,RB DINOSAURS,21,2016,85,60,60,60,60,60,1,5
WR,Hiromi Kisaragi,21,2016,85,80,80,80,80,80,1,5
WR,WR DINOSAURS,21,2016,85,60,60,60,60,60,1,5
WR,WR DINOSAURS,21,2016,85,60,60,60,60,60,1,5
OL,Rikiya Gao,21,2016,99,99,99,99,99,99,2,5
OL,OL DINOSAURS,21,2016,85,60,60,60,60,60,1,5
OL,OL DINOSAURS,21,2016,85,60,60,60,60,60,1,5
OL,OL DINOSAURS,21,2016,85,60,60,60,60,60,1,5
OL,OL DINOSAURS,21,2016,85,60,60,60,60,60,1,5
K,Mitsui Saburo,21,2016,80,80,80,80,80,80,1,5
S,Reiji Maruko,21,2016,90,90,90,90,90,90,2,5
CB,Hiromi Kisaragi,21,2016,85,80,80,80,80,80,1,5
DL,Rikiya Gao,21,2016,99,99,99,99,99,99,2,5
DL,DL DINOSAURS,21,2016,85,60,60,60,60,60,1,5
DL,DL DINOSAURS,21,2016,85,60,60,60,60,60,1,5
DL,DL DINOSAURS,21,2016,85,60,60,60,60,60,1,5
LB,Hanataka Tengu,21,2016,78,78,78,78,78,78,1,5
LB,LB DINOSAURS,21,2016,85,60,60,60,60,60,1,5
LB,LB DINOSAURS,21,2016,85,60,60,60,60,60,1,5
RB,Reserve,21,2016,85,60,60,60,60,60,1,5
WR,Reserve,21,2016,85,60,60,60,60,60,1,5
OL,Reserve,21,2016,85,60,60,60,60,60,1,5
K,Reserve,21,2016,85,70,60,60,60,60,1,5
S,Reserve,21,2016,85,60,60,60,60,60,1,5
CB,Reserve,21,2016,85,60,60,60,60,60,1,5
DL,Reserve,21,2016,85,60,60,60,60,60,1,5
LB,Reserve,21,2016,85,60,60,60,60,60,1,5
RB,Reserve,21,2016,85,60,60,60,60,60,1,5
WR,Reserve,21,2016,85,60,60,60,60,60,1,5
OL,Reserve,21,2016,85,60,60,60,60,60,1,5
K,Reserve,21,2016,85,70,60,60,60,60,1,5
S,Reserve,21,2016,85,60,60,60,60,60,1,5
CB,Reserve,21,2016,85,60,60,60,60,60,1,5
DL,Reserve,21,2016,85,60,60,60,60,60,1,5
LB,Reserve,21,2016,85,60,60,60,60,60,1,5
END_PLAYERS
Sengoku Samurais, SEN
QB,QR SAMURAIS,21,2016,85,60,60,60,60,60,1,5
RB,RB SAMURAIS,21,2016,85,60,60,60,60,60,1,5
RB,RB SAMURAIS,21,2016,85,60,60,60,60,60,1,5
WR,WR SAMURAIS,21,2016,85,60,60,60,60,60,1,5
WR,WR SAMURAIS,21,2016,85,60,60,60,60,60,1,5
WR,WR SAMURAIS,21,2016,85,60,60,60,60,60,1,5
OL,OL SAMURAIS,21,2016,85,60,60,60,60,60,1,5
OL,OL SAMURAIS,21,2016,85,60,60,60,60,60,1,5
OL,OL SAMURAIS,21,2016,85,60,60,60,60,60,1,5
OL,OL SAMURAIS,21,2016,85,60,60,60,60,60,1,5
OL,OL SAMURAIS,21,2016,85,60,60,60,60,60,1,5
K,K SAMURAIS,21,2016,85,70,60,60,60,60,1,5
S,S SAMURAIS,21,2016,85,60,60,60,60,60,1,5
CB,CB SAMURAI,21,2016,85,60,60,60,60,60,1,5
DL,DL SAMURAI,21,2016,85,60,60,60,60,60,1,5
DL,DL SAMURAI,21,2016,85,60,60,60,60,60,1,5
DL,DL SAMURAI,21,2016,85,60,60,60,60,60,1,5
DL,DL SAMURAI,21,2016,85,60,60,60,60,60,1,5
DL,DL SAMURAI,21,2016,85,60,60,60,60,60,1,5
LB,LB SAMURAI,21,2016,85,60,60,60,60,60,1,5
LB,LB SAMURAI,21,2016,85,60,60,60,60,60,1,5
LB,LB SAMURAI,21,2016,85,60,60,60,60,60,1,5
LB,LB SAMURAI,21,2016,85,60,60,60,60,60,1,5
RB,Reserve,21,2016,85,60,60,60,60,60,1,5
WR,Reserve,21,2016,85,60,60,60,60,60,1,5
OL,Reserve,21,2016,85,60,60,60,60,60,1,5
K,Reserve,21,2016,85,70,60,60,60,60,1,5
S,Reserve,21,2016,85,60,60,60,60,60,1,5
CB,Reserve,21,2016,85,60,60,60,60,60,1,5
DL,Reserve,21,2016,85,60,60,60,60,60,1,5
LB,Reserve,21,2016,85,60,60,60,60,60,1,5
RB,Reserve,21,2016,85,60,60,60,60,60,1,5
WR,Reserve,21,2016,85,60,60,60,60,60,1,5
OL,Reserve,21,2016,85,60,60,60,60,60,1,5
K,Reserve,21,2016,85,70,60,60,60,60,1,5
S,Reserve,21,2016,85,60,60,60,60,60,1,5
CB,Reserve,21,2016,85,60,60,60,60,60,1,5
DL,Reserve,21,2016,85,60,60,60,60,60,1,5
LB,Reserve,21,2016,85,60,60,60,60,60,1,5
RB,Reserve,21,2016,85,60,60,60,60,60,1,5
WR,Reserve,21,2016,85,60,60,60,60,60,1,5
OL,Reserve,21,2016,85,60,60,60,60,60,1,5
K,Reserve,21,2016,85,70,60,60,60,60,1,5
S,Reserve,21,2016,85,60,60,60,60,60,1,5
CB,Reserve,21,2016,85,60,60,60,60,60,1,5
DL,Reserve,21,2016,85,60,60,60,60,60,1,5
LB,Reserve,21,2016,85,60,60,60,60,60,1,5
END_PLAYERS
Sado Strong Golems
QB,QR GOLEMS,21,2016,85,60,60,60,60,60,1,5
RB,RB GOLEMS,21,2016,85,60,60,60,60,60,1,5
RB,RB GOLEMS,21,2016,85,60,60,60,60,60,1,5
RB,Ganjo Iwashige,21,2016,89,80,80,80,80,80,15,5
WR,WR GOLEMS,21,2016,85,60,60,60,60,60,1,5
WR,WR GOLEMS,21,2016,85,60,60,60,60,60,1,5
WR,WR GOLEMS,21,2016,85,60,60,60,60,60,1,5
OL,OL GOLEMS,21,2016,85,60,60,60,60,60,1,5
OL,OL GOLEMS,21,2016,85,60,60,60,60,60,1,5
OL,OL GOLEMS,21,2016,85,60,60,60,60,60,1,5
OL,OL GOLEMS,21,2016,85,60,60,60,60,60,1,5
OL,OL GOLEMS,21,2016,85,60,60,60,60,60,1,5
K,K GOLEMS,21,2016,85,70,60,60,60,60,1,5
S,S GOLEMS,21,2016,85,60,60,60,60,60,1,5
CB,CB GOLEMS,21,2016,85,60,60,60,60,60,1,5
DL,DL GOLEMS,21,2016,85,60,60,60,60,60,1,5
DL,DL GOLEMS,21,2016,85,60,60,60,60,60,1,5
DL,DL GOLEMS,21,2016,85,60,60,60,60,60,1,5
DL,DL GOLEMS,21,2016,85,60,60,60,60,60,1,5
LB,LB GOLEMS,21,2016,85,60,60,60,60,60,1,5
LB,LB GOLEMS,21,2016,85,60,60,60,60,60,1,5
LB,LB GOLEMS,21,2016,85,60,60,60,60,60,1,5
RB,Reserve,21,2016,85,60,60,60,60,60,1,5
WR,Reserve,21,2016,85,60,60,60,60,60,1,5
OL,Reserve,21,2016,85,60,60,60,60,60,1,5
K,Reserve,21,2016,85,70,60,60,60,60,1,5
S,Reserve,21,2016,85,60,60,60,60,60,1,5
CB,Reserve,21,2016,85,60,60,60,60,60,1,5
DL,Reserve,21,2016,85,60,60,60,60,60,1,5
LB,Reserve,21,2016,85,60,60,60,60,60,1,5
RB,Reserve,21,2016,85,60,60,60,60,60,1,5
WR,Reserve,21,2016,85,60,60,60,60,60,1,5
OL,Reserve,21,2016,85,60,60,60,60,60,1,5
K,Reserve,21,2016,85,70,60,60,60,60,1,5
S,Reserve,21,2016,85,60,60,60,60,60,1,5
CB,Reserve,21,2016,85,60,60,60,60,60,1,5
DL,Reserve,21,2016,85,60,60,60,60,60,1,5
LB,Reserve,21,2016,85,60,60,60,60,60,1,5
RB,Reserve,21,2016,85,60,60,60,60,60,1,5
WR,Reserve,21,2016,85,60,60,60,60,60,1,5
OL,Reserve,21,2016,85,60,60,60,60,60,1,5
K,Reserve,21,2016,85,70,60,60,60,60,1,5
S,Reserve,21,2016,85,60,60,60,60,60,1,5
CB,Reserve,21,2016,85,60,60,60,60,60,1,5
DL,Reserve,21,2016,85,60,60,60,60,60,1,5
LB,Reserve,21,2016,85,60,60,60,60,60,1,5
RB,Reserve,21,2016,85,60,60,60,60,60,1,5
WR,Reserve,21,2016,85,60,60,60,60,60,1,5
OL,Reserve,21,2016,85,60,60,60,60,60,1,5
K,Reserve,21,2016,85,70,60,60,60,60,1,5
S,Reserve,21,2016,85,60,60,60,60,60,1,5
CB,Reserve,21,2016,85,60,60,60,60,60,1,5
DL,Reserve,21,2016,85,60,60,60,60,60,1,5
LB,Reserve,21,2016,85,60,60,60,60,60,1,5
END_PLAYERS
Washington Redskins, WAS
OL,Tony Bergstrom,32,2012,66,64,87,83,72,73,0.9,1
OL,Casey Dunn,24,2018,62,59,72,80,60,80,0.6,3
OL,Chase Roullier,25,2017,68,68,81,85,73,75,0.6,4
CB,Quinton Dunbar,26,2015,79,77,90,79,91,50,1.9,3
CB,Fabian Moreau,24,2017,73,64,93,74,94,64,0.8,4
CB,Adonis Alexander,22,2018,68,58,87,90,83,61,0.7,4
S,Troy Apke,23,2018,69,52,86,59,94,52,0.8,4
S,Deshazor Everett,26,2015,66,68,88,67,87,68,1.3,2
CB,Danny Johnson,23,2018,66,52,90,54,91,52,0.6,3
S,Kenny Ladler,26,2014,63,53,87,79,83,53,0.6,2
S,Montae Nicholson,23,2017,76,73,87,68,92,73,0.8,4
CB,Josh Norman,31,2012,87,96,94,68,88,96,15.0,5
CB,Greg Stroman,22,2018,68,61,91,54,90,61,0.6,4
S,D.J. Swearinger,27,2013,87,91,93,67,85,91,4.5,3
DL,Jonathan Allen,23,2017,79,80,83,85,76,80,2.9,4
DL,Caleb Brantley,24,2017,70,56,79,89,74,56,0.6,1
DL,Ziggy Hood,31,2009,71,75,74,88,66,75,0.9,2
DL,Matthew Ioannidis,24,2016,80,79,83,90,67,79,0.6,4
DL,Stacy McGee,28,2013,73,78,79,86,72,78,5.0,5
DL,Da'Ron Payne,21,2018,77,60,79,95,81,60,3.6,4
DL,Tim Settle,21,2018,66,51,77,88,76,51,0.7,4
K,Dustin Hopkins,28,2013,76,55,88,94,80,67,2.5,3
LB,Ryan Anderson,24,2017,72,65,88,83,68,71,1.3,4
LB,Zach Brown,29,2012,88,93,88,93,87,63,8.0,3
LB,Mason Foster,29,2011,74,83,91,85,74,63,1.7,2
LB,Shaun Dion Hamilton,23,2018,66,60,89,79,72,69,0.5,4
LB,Josh Harvey-Clemons,24,2017,64,63,89,79,68,64,0.6,4
LB,Ryan Kerrigan,30,2011,87,92,99,83,77,61,11.5,5
LB,Pernell McPhee,30,2011,81,78,91,83,76,73,1.8,1
LB,Preston Smith,26,2015,78,77,78,80,68,66,1.4,4
LB,Zach Vigil,27,2015,71,66,89,80,75,74,0.7,2
OL,Nick Sundberg,31,2010,54,65,75,69,65,66,1.1,4
OL,Tyler Catalina,25,2017,61,60,87,81,72,69,0.6,3
OL,Arie Kouandjio,26,2015,68,69,76,84,72,76,0.7,2
OL,Shawn Lauvao,31,2010,70,81,80,86,75,71,1.5,1
OL,Brandon Scherff,27,2015,90,93,88,92,94,80,5.3,4
OL,Geron Christian,22,2018,68,58,87,82,77,72,0.9,4
OL,Morgan Moses,27,2014,78,85,84,89,81,81,7.7,5
OL,Ty Nsekhe,33,2012,71,78,77,84,76,76,2.9,1
OL,Trent Williams,30,2010,94,96,85,95,87,91,13.6,5
K,Tress Way,28,2014,81,60,82,98,84,65,1.5,5
QB,Colt McCoy,32,2010,65,71,94,81,76,64,3.3,2
QB,Alex Smith,34,2005,84,90,94,87,83,63,23.5,4
RB,Kapri Bibbs,25,2014,66,67,91,81,85,67,0.7,2
RB,Derrius Guice,21,2018,78,58,87,91,89,80,1.1,4
RB,Robert Kelley,26,2016,75,83,92,86,86,70,0.5,3
RB,Byron Marshall,24,2016,65,55,84,61,88,81,0.6,2
RB,Samaje Perine,23,2017,76,77,87,92,87,66,0.8,4
RB,Adrian Peterson,33,2007,80,85,90,89,90,79,1.0,1
RB,Chris Thompson,28,2013,84,79,87,53,91,84,3.5,2
WR,Vernon Davis,34,2006,83,86,84,88,87,54,5.0,3
WR,Manasseh Garner,26,2016,70,70,70,70,70,70,0.6,3
WR,Jordan Reed,28,2013,94,94,90,95,85,80,9.4,5
WR,Jeremy Sprinkle,24,2017,69,65,88,77,84,65,0.7,4
WR,Jamison Crowder,25,2015,84,87,92,89,91,86,0.7,4
WR,Robert Davis,23,2017,63,51,88,82,91,73,0.6,3
WR,Josh Doctson,26,2016,78,83,93,86,89,79,2.5,4
WR,Michael Floyd,29,2012,72,62,89,89,87,76,0.8,1
WR,Maurice Harris,26,2016,65,63,89,79,87,71,0.6,2
WR,Brian Quick,29,2012,73,74,92,85,86,68,0.8,1
WR,Trey Quinn,23,2018,69,56,90,85,87,66,0.6,4
WR,Paul Richardson,26,2014,83,85,94,92,88,70,8.0,5
WR,Cam Sims,22,2018,66,62,87,89,82,60,0.6,3
END_PLAYERS
Dallas Cowboys, DAL
OL,Travis Frederick,27,2013,96,98,95,93,94,91,9.4,6
OL,Joe Looney,28,2012,64,66,83,82,74,71,1.1,2
OL,Adam Redmond,25,2016,65,55,80,83,72,73,0.5,2
CB,Chidobe Awuzie,23,2017,81,75,94,78,91,68,1.1,4
CB,Anthony Brown,25,2016,75,73,90,75,95,56,0.6,4
CB,Byron Jones,26,2015,80,73,91,79,92,67,2.2,4
CB,Jourdan Lewis,23,2017,79,78,95,76,89,66,0.8,4
S,Ibraheim Campbell,26,2015,72,64,87,78,88,64,0.7,2
S,Kavon Frazier,24,2016,72,68,89,72,86,68,0.6,4
S,Jeff Heath,27,2013,76,77,85,68,89,77,1.9,4
S,Marqueston Huff,26,2014,67,61,92,62,88,61,0.8,2
S,Jameill Showers,27,2015,60,52,85,66,84,52,0.5,2
S,Xavier Woods,23,2017,77,73,89,72,89,73,0.6,4
DL,Dorance Armstrong,21,2018,74,66,77,85,84,80,0.8,4
DL,Taco Charlton,24,2017,77,68,83,78,67,68,2.5,4
DL,Tyrone Crawford,29,2012,80,82,82,81,81,82,9.0,5
DL,Randy Gregory,26,2015,76,64,76,79,73,64,1.0,4
DL,Datone Jones,28,2013,71,70,76,81,74,70,0.8,2
DL,Demarcus Lawrence,26,2014,91,90,86,86,87,90,17.1,1
DL,Maliek Collins,23,2016,76,76,79,84,67,76,0.9,4
DL,David Irving,25,2015,82,82,82,88,70,82,2.9,1
DL,Daniel Ross,25,2017,63,54,78,85,66,54,0.5,2
K,Brett Maher,29,2018,76,54,75,77,61,65,0.5,2
LB,Chris Covington,22,2018,66,52,87,81,70,60,0.7,4
LB,Sean Lee,32,2010,96,97,95,97,87,81,7.0,6
LB,Justin March-Lillard,25,2016,72,65,87,82,76,63,0.4,2
LB,Jaylon Smith,23,2016,75,72,86,83,67,78,1.6,4
LB,Joe Thomas,27,2014,70,72,84,80,72,71,1.8,2
LB,Leighton Vander Esch,21,2018,77,63,89,85,78,71,3.0,4
LB,Damien Wilson,25,2015,73,75,83,81,75,55,0.7,4
OL,L.P. LaDouceur,37,2005,46,85,80,72,54,62,1.1,1
DL,Antwaun Woods,25,2016,67,63,81,84,72,63,0.5,2
OL,Parker Ehinger,26,2016,67,68,82,80,73,71,0.7,4
OL,Marcus Martin,25,2014,65,72,79,82,72,70,0.9,1
OL,Zack Martin,28,2014,96,93,93,93,94,94,14.0,6
OL,Dustin Stanton,24,2018,65,65,65,65,65,65,0.5,2
OL,Xavier Su'a-Filo,27,2014,66,76,89,85,73,70,0.6,2
OL,Connor Williams,21,2018,76,67,82,86,81,80,1.4,4
OL,La'el Collins,25,2015,72,75,85,89,76,75,7.7,2
OL,Cameron Fleming,26,2014,68,70,82,85,77,73,2.5,1
OL,Tyron Smith,28,2011,95,97,88,96,89,93,12.2,8
K,Chris Jones,29,2013,87,90,81,17,17,74,2.2,4
QB,Dak Prescott,25,2016,82,86,93,91,83,74,0.7,4
QB,Cooper Rush,25,2017,63,62,92,88,75,36,0.6,3
QB,Mike White,23,2018,64,60,94,91,78,28,0.7,4
RB,Ezekiel Elliott,23,2016,92,93,94,79,92,86,6.2,4
RB,Jamize Olawale,29,2012,71,75,81,86,86,62,2.0,3
RB,Rod Smith,26,2015,71,76,87,81,86,68,0.7,2
WR,Rico Gathers,24,2016,69,62,86,79,79,48,0.6,3
WR,Blake Jarwin,24,2017,70,51,83,78,81,50,0.6,3
WR,Dalton Schultz,22,2018,69,53,84,79,81,46,0.7,4
WR,Geoff Swaim,25,2015,73,70,78,74,82,45,0.6,4
WR,Tavon Austin,28,2013,80,72,91,77,94,82,7.0,1
WR,Cole Beasley,29,2012,81,85,94,87,87,83,3.4,4
WR,Noah Brown,22,2017,68,58,88,85,87,64,0.6,4
WR,Brice Butler,28,2013,76,78,84,81,91,63,0.8,1
WR,Michael Gallup,22,2018,73,60,92,81,89,80,0.9,4
WR,Allen Hurns,27,2014,81,84,89,89,88,77,6.0,2
WR,Deonte Thompson,29,2012,75,77,85,84,92,73,0.8,1
WR,Terrance Williams,29,2013,79,85,90,83,89,73,4.3,4
WR,Cedrick Wilson,23,2018,70,57,90,81,88,82,0.6,4
END_PLAYERS
Philadelphia Eagles, PHI
OL,Jason Kelce,31,2011,92,97,81,85,98,80,6.3,6
OL,Stefen Wisniewski,29,2011,79,84,84,85,83,75,2.7,3
CB,Ronald Darby,24,2015,86,85,92,84,93,66,1.1,4
CB,Rasul Douglas,23,2017,75,76,93,78,87,64,0.8,4
CB,Sidney Jones,22,2017,78,71,90,93,69,70,1.5,4
CB,Avonte Maddox,22,2018,69,52,89,72,93,58,0.8,4
CB,Elie Bouka,26,2016,70,70,70,70,70,70,0.5,2
S,Corey Graham,33,2007,77,74,86,90,86,88,1.7,1
S,Deiondre' Hall,24,2016,65,51,89,61,88,51,0.7,4
S,Malcolm Jenkins,31,2009,94,94,97,67,85,94,8.8,4
S,Chris Maragos,31,2010,68,70,83,62,85,70,1.8,1
S,Rodney McLeod,28,2012,83,86,80,80,91,80,7.0,5
CB,Jalen Mills,24,2016,81,83,88,69,90,83,0.6,4
DL,Derek Barnett,22,2017,80,80,78,87,77,80,3.2,4
DL,Michael Bennett,33,2009,69,66,73,79,79,66,10.2,3
DL,Fletcher Cox,28,2012,93,92,89,92,85,92,17.1,6
DL,Brandon Graham,30,2010,93,90,84,86,87,90,6.5,4
DL,Chris Long,33,2008,81,82,87,86,74,82,2.3,2
DL,Josh Sweat,21,2018,70,49,80,74,74,49,0.8,4
DL,Bruce Hector,24,2018,65,47,78,85,69,47,0.6,3
DL,Haloti Ngata,34,2006,80,84,85,94,72,84,3.0,1
DL,Destiny Vaeao,24,2016,68,68,75,84,67,68,0.5,3
K,Jake Elliott,23,2017,81,63,82,97,88,67,0.5,2
LB,D.J. Alexander,27,2015,69,65,84,78,67,67,0.6,4
LB,Nigel Bradham,29,2012,85,86,94,83,72,86,8.0,5
LB,Nathan Gerry,23,2017,70,67,89,75,71,71,0.6,3
LB,Kamu Grugier-Hill,24,2016,70,56,88,78,73,67,0.6,4
LB,Jordan Hicks,26,2015,81,87,89,85,67,79,0.7,4
LB,LaRoy Reynolds,28,2013,67,63,85,78,68,69,0.9,1
LB,Paul Worrilow,28,2013,72,72,97,81,73,59,0.9,1
OL,Rick Lovato,26,2015,43,59,83,72,50,59,0.6,3
OL,Brandon Brooks,29,2012,93,89,81,96,89,92,8.0,5
OL,Isaac Seumalo,25,2016,65,68,86,84,72,68,0.8,4
OL,Chance Warmack,27,2013,70,76,84,92,74,72,2.5,1
OL,Lane Johnson,28,2013,91,94,90,88,86,90,11.3,5
OL,Jordan Mailata,21,2018,62,46,89,84,69,70,0.6,4
OL,Jason Peters,36,2004,91,97,88,95,84,90,9.3,3
OL,Matt Pryor,24,2018,67,54,78,86,76,72,0.6,4
OL,Halapoulivaati Vaitai,25,2016,70,70,70,70,70,70,0.6,4
OL,Toby Weathersby,22,2018,62,53,77,83,71,73,0.6,3
K,Cameron Johnston,26,2018,73,46,73,80,75,75,0.5,2
QB,Nick Foles,29,2012,80,87,90,90,81,28,5.5,2
QB,Nate Sudfeld,25,2016,64,57,92,93,73,29,0.6,2
QB,Carson Wentz,26,2016,86,87,91,94,87,78,6.7,4
RB,Josh Adams,22,2018,67,56,86,81,89,64,0.5,1
RB,Jay Ajayi,25,2015,86,91,82,85,88,85,0.6,4
RB,Corey Clement,24,2017,77,82,86,79,87,77,0.6,3
RB,Wendell Smallwood,24,2016,68,67,91,80,91,68,0.6,4
RB,Darren Sproles,35,2005,83,81,84,42,86,86,1.4,1
WR,Zach Ertz,28,2013,91,97,90,95,80,64,8.5,5
WR,Dallas Goedert,23,2018,77,56,86,82,83,64,1.4,4
WR,Joshua Perkins,25,2018,67,55,87,78,84,60,0.6,2
WR,Richard Rodgers,26,2014,76,72,84,82,79,58,0.9,1
WR,Nelson Agholor,25,2015,84,90,91,89,91,85,2.3,4
WR,Kamar Aiken,29,2011,71,73,80,86,85,90,0.8,1
WR,Shelton Gibson,23,2017,67,56,93,81,93,81,0.7,4
WR,Mack Hollins,25,2017,71,77,87,84,90,67,0.8,4
WR,Alshon Jeffery,28,2012,90,94,90,92,89,63,13.0,4
WR,Jordan Matthews,26,2014,77,82,94,83,90,67,0.8,1
WR,Mike Wallace,32,2009,83,84,97,86,92,87,4.0,1
END_PLAYERS
New York Giants, NYG
OL,Evan Brown,22,2018,59,45,71,78,55,93,0.6,3
OL,Spencer Pulley,25,201,66,78,81,83,73,68,0.5,3
CB,Eli Apple,23,2016,74,75,90,68,92,51,3.8,4
CB,Donte Deayon,24,2017,70,65,90,70,87,59,0.5,2
CB,Antonio Hamilton,25,2016,63,50,90,91,87,60,0.5,3
CB,Mike Jordan,26,2016,70,70,70,70,70,70,0.5,3
CB,Kamrin Moore,22,2018,68,55,88,69,87,67,0.7,4
CB,Curtis Riley,26,2016,65,66,88,56,89,63,0.6,1
CB,Sam Beal,22,2018,70,70,70,70,70,70,1.0,4
S,Sean Chandler,22,2018,62,48,90,57,84,48,0.6,3
S,Landon Collins,24,2015,88,87,89,75,88,87,1.5,4
CB,Janoris Jenkins,30,2012,88,88,94,53,90,88,12.5,5
S,Michael Thomas,28,2013,91,97,88,75,89,16,1.3,4
CB,B.W. Webb,28,2013,70,68,92,58,87,68,0.8,1
DL,Mario Edwards,24,2015,79,79,79,79,79,79,1.5,4
DL,Josh Mauro,27,2014,72,76,86,85,68,76,0.9,1
DL,Kerry Wynn,27,2014,71,68,75,86,69,68,1.3,1
DL,Damon Harrison,30,2012,90,90,90,90,90,90,9.3,5
DL,B.J. Hill,23,2018,70,57,82,87,82,57,1.0,4
DL,John Jenkins,29,2013,72,66,75,92,73,66,0.8,1
DL,Kristjan Sokoli,27,2015,66,48,75,89,74,48,0.6,1
DL,Dalvin Tomlinson,24,2017,82,85,78,88,87,85,1.1,4
K,Aldrick Rosas,24,2017,75,56,86,93,80,68,0.5,2
LB,Thurston Armbrister,26,2015,59,55,87,74,68,61,0.6,1
LB,Ray-Ray Armstrong,27,2013,68,75,84,81,72,58,1.6,2
LB,Connor Barwin,32,2009,85,85,85,85,85,85,1.8,2
LB,Lorenzo Carter,23,2018,72,57,81,79,72,69,1.0,4
LB,Tae Davis,22,2018,58,58,58,58,58,58,0.6,3
LB,B.J. Goodson,25,2016,72,67,86,85,77,59,0.7,4
LB,Kareem Martin,26,2014,72,60,78,81,71,72,5.0,3
LB,Alec Ogletree,27,2013,74,86,93,84,68,55,10.7,4
LB,Nate Stupar,30,2013,70,70,70,70,70,70,0.7,1
LB,Olivier Vernon,28,2012,82,85,92,84,82,61,17.0,5
LB,Jordan Williams,25,2015,63,56,72,72,74,32,0.6,1
OL,Zak DeOssie,34,2007,52,80,86,71,56,58,1.2,2
OL,Nick Gates,23,2018,59,51,85,77,70,68,0.6,3
OL,Jon Halapio,27,2014,62,59,85,85,72,73,0.6,1
OL,Will Hernandez,23,2018,78,63,88,95,82,80,1.9,4
OL,Patrick Omameh,29,2014,70,80,82,82,74,73,5.0,3
OL,Ereck Flowers,24,2015,69,73,85,90,72,71,3.6,4
OL,John Greco,33,2008,70,63,78,86,75,75,1.1,1
OL,Nate Solder,30,2011,83,90,90,90,85,78,15.5,4
OL,Chad Wheeler,24,2017,67,68,83,80,76,71,0.6,3
K,Riley Dixon,25,2016,75,61,89,88,79,79,0.6,4
QB,Kyle Lauletta,23,2018,71,54,93,91,82,70,0.8,4
QB,Eli Manning,37,2004,76,82,95,90,81,30,21.0,4
QB,Alex Tanney,31,2012,57,57,57,57,57,57,0.6,1
RB,Saquon Barkley,21,2018,82,70,92,83,92,82,7.8,4
RB,Wayne Gallman,24,2017,75,75,75,75,75,75,0.7,4
RB,Elijhaa Penny,25,2017,63,66,84,78,81,69,0.6,1
RB,Jonathan Stewart,31,2008,83,93,88,86,86,79,3.4,2
WR,Rhett Ellison,30,2012,77,78,85,78,81,56,4.5,4
WR,Evan Engram,24,2017,85,84,86,85,90,77,2.7,4
WR,Scott Simonson,26,2014,68,68,68,68,68,68,0.7,1
WR,Odell Beckham,26,2014,96,97,94,94,98,90,14.0,6
WR,Kaelin Clay,26,2015,62,70,89,75,91,85,0.7,1
WR,Stacy Coley,24,2017,67,56,90,83,91,78,0.6,4
WR,Cody Latimer,26,2014,72,65,88,79,90,55,2.5,1
WR,Russell Shepard,28,2013,72,82,87,81,90,74,1.3,1
WR,Sterling Shepard,25,2016,82,87,91,88,90,83,1.5,4
END_PLAYERS
New Orleans Saints, NO
OL,Will Clapp,23,2018,62,62,84,76,73,73,0.6,4
OL,Cameron Tom,23,2018,61,48,79,85,72,73,0.5,2
OL,Max Unger,32,2009,82,95,85,87,74,80,7.4,3
CB,Ken Crawley,25,2016,82,87,92,81,91,61,0.5,3
CB,Marshon Lattimore,22,2017,90,86,89,89,94,68,3.8,4
CB,P.J. Williams,25,2015,76,67,88,77,90,70,0.8,4
S,Chris Banjo,28,2013,68,65,86,71,87,65,1.3,2
S,Vonn Bell,24,2016,74,73,89,67,88,73,1.0,4
S,Kurt Coleman,30,2010,74,83,95,58,85,83,5.5,3
S,J.T. Gray,22,2018,70,70,70,70,70,70,0.6,3
CB,Justin Hardee,24,2017,68,55,84,67,93,55,0.5,2
S,Rickey Jefferson,24,2017,70,70,70,70,70,70,0.5,1
CB,Patrick Robinson,31,2010,83,85,91,60,88,85,5.0,4
S,Marcus Williams,22,2017,84,83,93,70,87,83,1.6,4
DL,Marcus Davenport,22,2018,75,56,83,82,74,56,3.4,4
DL,Trey Hendrickson,24,2017,76,67,84,79,68,67,0.8,4
DL,Cameron Jordan,29,2011,95,97,91,91,92,97,11.0,5
DL,Mitchell Loewen,25,2017,72,57,85,87,79,57,0.5,3
DL,Alex Okafor,27,2013,81,84,88,79,79,84,3.4,2
DL,Jay Bromley,26,2014,73,77,74,85,73,77,0.8,1
DL,Tyeler Davison,26,2015,81,85,71,91,84,85,0.6,4
DL,David Onyemata,26,2016,79,78,81,89,80,78,0.7,4
DL,Sheldon Rankins,24,2016,80,83,83,86,73,83,3.2,4
DL,Taylor Stallworth,23,2018,67,61,63,78,62,79,0.6,3
K,Wil Lutz,24,2016,79,59,79,97,87,62,0.5,3
LB,Alex Anzalone,24,2017,74,70,86,82,71,72,0.9,4
LB,Vince Biegel,25,2017,71,62,86,79,76,66,0.6,1
LB,Demario Davis,29,2012,85,87,85,86,84,78,8.0,3
LB,A.J. Klein,27,2013,71,82,94,78,70,62,6.0,4
LB,Craig Robertson,30,2012,78,81,86,86,71,77,1.7,3
LB,Manti Te'o,27,2013,77,84,95,87,72,80,2.5,2
OL,Zach Wood,25,2017,35,53,83,75,52,61,0.6,1
OL,Jermon Bushrod,34,2007,69,82,90,87,71,71,1.0,1
OL,Josh LeRibeus,29,2012,66,69,86,88,72,73,0.8,1
OL,Larry Warford,27,2013,77,80,87,89,76,79,8.5,4
OL,Terron Armstead,27,2013,82,86,92,88,79,83,13.0,5
OL,Andrus Peat,25,2015,72,85,76,86,76,74,2.8,4
OL,Ryan Ramczyk,24,2017,87,92,92,90,88,87,2.2,4
K,Thomas Morstead,32,2009,82,69,90,94,94,61,4.0,4
QB,Drew Brees,39,2001,91,99,95,90,89,31,25.0,2
QB,Teddy Bridgewater,26,2014,78,74,92,90,82,76,6.0,1
QB,Taysom Hill,28,2017,60,53,89,88,68,64,0.6,3
RB,Mike Gillislee,28,2013,77,90,93,83,88,71,0.8,1
RB,Mark Ingram,29,2011,97,88,88,91,88,90,4.0,4
RB,Alvin Kamara,23,2017,88,82,86,85,90,92,1.0,4
RB,Daniel Lasco,26,2016,68,54,85,50,90,75,0.5,2
RB,Zach Line,28,2013,73,66,86,85,83,56,1.1,2
RB,Jonathan Williams,24,2016,61,57,86,89,88,67,0.4,1
WR,Dan Arnold,23,2018,64,48,83,87,87,80,0.6,3
WR,Josh Hill,28,2013,81,78,81,84,83,54,2.4,3
WR,Michael Hoomanawanui,30,2010,72,78,78,79,77,20,1.7,3
WR,Benjamin Watson,37,2004,80,88,84,88,79,53,2.0,1
WR,Austin Carr,25,2017,65,61,89,81,86,79,0.6,3
WR,Travin Dural,25,2017,61,50,88,82,88,73,0.5,2
WR,Ted Ginn,33,2007,82,82,93,92,93,87,2.5,3
WR,Tommylee Lewis,26,2016,65,64,91,78,91,78,0.5,3
WR,Cameron Meredith,26,2015,83,84,88,89,89,76,4.8,2
WR,Tre'Quan Smith,22,2018,72,64,93,81,89,70,0.9,4
WR,Michael Thomas,25,2016,91,97,88,95,89,78,1.3,4
END_PLAYERS
Carolina Panthers, CAR
OL,Ryan Kalil,33,2007,76,90,88,89,73,75,8.4,2
OL,Tyler Larsen,27,2016,70,70,80,93,76,73,2.2,2
CB,James Bradberry,25,2016,78,76,88,75,91,63,1.0,4
CB,Lorenzo Doss,24,2015,67,63,87,71,89,39,0.4,1
CB,Corn Elder,24,2017,70,56,95,77,90,66,0.7,4
CB,Josh Hawkins,25,2016,71,64,89,71,93,46,0.6,1
CB,Donte Jackson,23,2018,74,60,92,72,95,51,1.2,4
CB,Kevon Seymour,25,2016,76,69,86,79,93,52,0.6,4
S,Mike Adams,37,2004,79,86,85,64,83,86,2.1,2
CB,Ross Cockrell,27,2014,76,73,91,57,90,73,3.3,2
S,Rashaan Gaulden,23,2018,69,61,89,53,86,61,0.9,4
S,Colin Jones,31,2011,71,65,85,64,89,65,1.2,2
CB,Captain Munnerlyn,30,2009,74,75,93,66,88,75,4.4,4
S,Damian Parms,26,2018,70,70,70,70,70,70,0.4,1
S,Da'Norris Searcy,30,2015,73,75,88,81,86,75,2.9,2
DL,Mario Addison,31,2011,80,86,81,76,70,85,7.5,3
DL,Bryan Cox,24,2017,69,57,81,81,66,57,0.4,2
DL,Marquis Haynes,25,2018,69,51,86,76,70,51,0.7,4
DL,Wes Horton,29,2013,73,74,72,76,67,74,1.4,2
DL,Efe Obada,26,2018,70,52,85,90,78,75,0.5,1
DL,Julius Peppers,38,2002,82,83,87,82,78,83,5.0,1
DL,Vernon Butler,24,2016,74,71,66,81,84,89,2.1,4
DL,Kyle Love,32,2010,73,79,76,85,67,79,1.1,2
DL,Kawann Short,29,2013,89,92,80,87,92,92,16.1,5
RB,Alex Armah,24,2017,65,63,92,81,82,59,0.6,3
K,Graham Gano,31,2009,80,61,80,97,88,64,4.3,4
LB,Jermaine Carter,23,2018,69,52,83,85,77,75,0.7,4
LB,Thomas Davis,35,2005,83,90,82,83,85,72,6.8,1
LB,Shaq Thompson,24,2015,80,78,92,86,81,58,2.2,4
LB,Ben Jacobs,30,2011,67,68,83,78,66,66,0.9,2
LB,Luke Kuechly,27,2012,99,99,99,98,90,88,12.4,5
LB,David Mayo,25,2015,70,75,84,85,72,58,0.6,4
LB,Jared Norris,25,2016,67,58,89,78,69,72,0.5,3
LB,Andre Smith,21,2018,73,67,80,14,14,12,4.0,2
OL,J.J. Jansen,32,2009,47,78,81,71,55,56,1.1,5
DL,Dontari Poe,28,2012,83,78,95,95,74,78,9.3,3
OL,Brendan Mahon,23,2018,64,60,62,77,59,80,0.6,3
OL,Trai Turner,25,2014,82,89,76,88,84,78,11.3,4
OL,Greg Van Roten,28,2012,64,63,85,84,76,68,0.8,2
OL,Chris Clark,33,2010,65,77,78,64,54,86,0.9,1
OL,Matt Kalil,29,2012,72,78,90,89,72,75,11.1,5
OL,Taylor Moton,24,2017,67,67,84,87,74,71,1.0,4
OL,Corey Robinson,26,2015,65,66,74,89,71,69,0.4,1
OL,Amini Silatolu,30,2012,68,72,84,87,73,70,0.9,1
OL,Daryl Williams,26,2015,84,84,79,87,84,89,0.7,4
K,Michael Palardy,26,2014,78,64,89,91,82,58,0.6,1
QB,Taylor Heinicke,25,2017,55,52,88,79,76,50,0.7,2
QB,Cam Newton,29,2011,88,87,95,97,82,83,20.8,5
RB,C.J. Anderson,27,2013,81,87,86,86,89,77,1.8,1
RB,Cameron Artis-Payne,28,2015,69,53,85,79,88,69,0.6,4
RB,Elijah Hood,22,2017,60,57,88,83,87,58,0.5,1
RB,Christian McCaffrey,22,2017,87,77,91,54,91,83,4.3,4
RB,Fozzy Whittaker,29,2012,70,72,88,56,88,75,1.3,2
WR,Chris Manhertz,26,2014,66,68,88,74,78,59,0.6,1
WR,Greg Olsen,33,2007,92,98,98,97,84,66,8.6,2
WR,Ian Thomas,22,2018,70,54,87,79,83,56,0.8,4
WR,Damiere Byrd,25,2016,72,73,91,76,96,79,0.6,1
WR,Devin Funchess,24,2015,82,88,84,88,89,71,1.4,4
WR,D.J. Moore,21,2018,77,62,94,84,92,84,2.8,4
WR,Fred Ross,23,2017,70,70,70,70,70,70,0.4,1
WR,Curtis Samuel,22,2017,74,73,89,81,95,78,1.6,4
WR,Torrey Smith,29,2011,78,86,95,85,89,77,5.0,3
WR,Jarius Wright,29,2012,76,82,94,82,91,85,2.5,3
END_PLAYERS
Tampa Bay Buccaneers, TB
OL,Evan Smith,32,2009,73,76,83,85,80,73,2.0,2
CB,Amari Coleman,22,2018,65,65,65,65,65,65,0.5,1
CB,Carlton Davis,22,2018,71,63,92,73,88,60,1.1,4
CB,Javien Elliott,25,2016,69,62,89,77,86,64,0.6,1
CB,Vernon Hargreaves,23,2016,77,71,90,91,94,77,3.5,4
CB,Ryan Smith,25,2016,73,72,89,69,90,61,0.7,4
CB,M.J. Stewart,23,2018,65,65,65,65,65,65,1.3,4
S,Chris Conte,29,2011,73,82,85,65,86,82,1.5,4
S,Justin Evans,23,2017,71,66,92,75,87,66,1.3,4
CB,Maurice Fleming,25,2017,70,70,70,70,70,70,0.5,2
CB,Brent Grimes,35,2007,86,90,92,59,87,90,7.0,1
S,Isaiah Johnson,26,2015,65,56,87,69,81,56,0.5,2
S,Jordan Whitehead,21,2018,68,58,92,67,86,58,0.8,4
CB,Marcus Williams,27,2014,84,83,93,70,87,83,1.6,4
DL,Will Clarke,27,2014,71,68,80,87,72,76,0.8,1
DL,Vinny Curry,30,2012,83,83,82,81,84,83,7.7,3
DL,William Gholston,27,2013,75,81,75,77,75,81,5.5,5
DL,Carl Nassib,25,2016,74,75,78,76,82,75,0.9,4
DL,Jason Pierre-Paul,29,2010,84,82,92,85,76,82,15.5,4
DL,Noah Spence,24,2016,78,75,82,80,67,75,1.5,4
DL,Beau Allen,27,2014,75,81,72,88,75,81,5.0,3
DL,Gerald McCoy,30,2010,90,89,90,92,86,89,15.9,6
DL,Stevie Tu'ikolovatu,27,2017,72,57,77,93,77,57,0.6,4
DL,Mitch Unrein,31,2011,80,86,77,84,85,86,3.5,3
DL,Vita Vea,23,2018,79,62,82,97,83,62,3.7,4
DL,Jerel Worthy,28,2012,69,68,70,83,64,82,0.7,1
K,Chandler Catanzaro,27,2014,77,57,82,95,83,63,3.3,3
LB,Jack Cichy,22,2018,69,54,87,82,75,62,0.7,4
LB,Lavonte David,28,2012,95,92,97,93,88,85,10.1,5
LB,Cameron Lynch,25,2015,66,59,89,76,69,68,0.7,1
LB,Adarius Taylor,28,2014,71,73,86,86,80,78,1.0,1
OL,Garrison Sanborn,33,2009,42,64,65,64,67,77,1.0,1
OL,Alex Cappa,23,2018,68,56,90,82,76,73,0.8,4
OL,Ryan Jensen,27,2013,78,85,82,90,80,77,10.5,4
OL,Mike Liedtke,26,2017,67,50,82,86,78,70,0.5,2
OL,Ali Marpet,25,2015,81,87,82,88,83,79,0.9,4
OL,Kwon Alexander,24,2015,80,87,88,81,68,78,0.7,4
OL,Caleb Benenoch,24,2016,66,66,83,78,72,73,0.6,4
OL,Demar Dotson,33,2009,88,89,83,86,80,91,5.5,3
OL,Cole Gardner,25,2017,70,70,70,70,70,70,0.5,3
OL,Donovan Smith,25,2015,72,78,80,88,72,76,1.5,4
OL,Leonard Wester,25,2016,63,53,84,79,73,72,0.5,3
K,Bryan Anger,30,2012,81,65,85,95,88,74,3.4,5
QB,Ryan Fitzpatrick,36,2005,82,83,85,87,79,80,3.3,1
QB,Ryan Griffin,29,2013,61,62,87,84,76,32,3.0,3
QB,Jameis Winston,24,2015,80,77,96,95,80,75,6.3,4
RB,Peyton Barber,24,2016,71,79,86,78,87,73,0.6,1
RB,Ronald Jones,21,2018,74,50,93,93,64,69,1.0,4
RB,Jacquizz Rodgers,28,2011,72,73,88,82,87,74,1.7,2
RB,Shaun Wilson,23,2018,67,59,90,90,88,65,0.6,3
WR,Antony Auclair,25,2017,65,58,85,71,76,62,0.6,3
WR,Cameron Brate,27,2014,82,86,84,88,80,58,6.8,6
WR,Alan Cross,25,2016,59,68,83,72,78,49,0.5,2
WR,O.J. Howard,24,2017,79,79,89,84,87,67,2.8,4
WR,Sergio Bailey,24,2018,70,70,70,70,70,70,0.6,3
WR,Mike Evans,25,2014,89,94,92,89,88,70,16.5,5
WR,Chris Godwin,22,2017,79,76,93,85,91,78,0.8,4
WR,Adam Humphries,25,2015,79,86,88,89,88,78,2.9,1
WR,DeSean Jackson,32,2008,85,85,97,90,93,89,11.2,3
WR,Freddie Martino,27,2014,64,60,85,79,89,78,0.5,1
WR,Justin Watson,23,2018,69,58,92,81,91,62,0.7,4
END_PLAYERS
Atlanta Falcons, ATL
OL,Alex Mack,33,2009,90,93,90,92,93,83,9.0,5
S,Ricardo Allen,27,2014,84,87,94,81,89,66,6.5,3
S,Damontae Kazee,25,2017,73,70,94,71,88,68,0.7,4
CB,Isaiah Oliver,22,2018,73,62,93,74,89,55,1.2,4
CB,Brian Poole,26,2016,79,81,90,82,89,66,0.5,3
CB,Robert Alford,30,2013,85,82,92,52,92,82,9.5,4
CB,Justin Bethel,28,2012,74,70,92,69,87,70,1.8,1
S,Kemal Ishmael,27,2013,69,72,87,67,84,72,1.0,1
S,Keanu Neal,23,2016,89,85,91,76,87,85,2.7,4
S,Jordan Richards,25,2015,69,64,88,68,86,64,0.9,4
S,Keith Tandy,29,2012,71,73,90,52,87,73,0.8,1
CB,Desmond Trufant,28,2013,93,90,93,60,92,90,13.8,5
CB,Blidi Wreh-Wilson,29,2013,72,68,91,57,87,68,0.9,1
DL,Jack Crawford,30,2012,71,73,75,77,70,73,2.9,3
DL,Takkarist McKinley,23,2017,82,76,82,81,74,76,2.6,4
DL,Steven Means,28,2013,70,60,66,69,74,60,0.8,1
DL,Brooks Reed,31,2011,82,81,90,76,82,81,4.4,5
DL,Derrick Shelby,29,2012,74,73,75,82,81,73,2.0,1
DL,Grady Jarrett,25,2015,86,88,69,89,88,88,0.6,4
DL,Terrell McClain,30,2011,75,79,70,89,66,79,1.5,1
DL,Deadrin Senat,24,2018,71,58,86,89,77,58,0.9,4
DL,Justin Zimmer,26,2018,71,75,75,75,75,75,0.5,2
K,Matt Bryant,43,2002,85,72,79,96,92,51,3.4,3
LB,Vic Beasley,26,2015,79,79,79,79,79,79,3.6,4
LB,De'Vondre Campbell,25,2016,81,82,86,84,68,80,0.7,4
LB,Richard Jarvis,23,2018,59,44,85,75,72,56,0.4,1
LB,Deion Jones,24,2016,90,92,83,86,72,88,1.1,4
LB,Foyesade Oluokun,23,2018,66,55,85,77,54,72,0.7,4
LB,Duke Riley,24,2017,71,70,87,87,68,54,0.9,4
OL,Josh Harris,29,2012,52,62,80,64,60,56,0.9,4
OL,Brandon Fusco,30,2011,75,78,79,89,78,77,4.3,3
OL,Ben Garland,30,2012,70,64,81,82,85,70,2.9,1
OL,Zac Kerin,27,2014,68,68,68,68,68,68,0.6,1
OL,Andy Levitre,32,2009,79,88,88,88,80,80,7.8,6
OL,Wes Schweitzer,25,2016,66,72,82,81,72,72,0.6,4
OL,Matt Gono,22,2018,61,50,84,82,72,68,0.6,3
OL,Jake Matthews,26,2014,81,83,91,86,86,81,14.5,5
OL,Ty Sambrailo,26,2015,68,72,72,79,79,70,1.0,4
OL,Ryan Schraeder,30,2013,83,90,87,87,76,85,6.3,5
K,Matt Bosher,30,2011,81,69,85,92,88,67,2.5,5
QB,Matt Ryan,33,2008,89,90,92,94,86,56,30.0,5
QB,Matt Schaub,37,2004,68,84,93,82,76,20,4.5,2
RB,Tevin Coleman,25,2015,86,83,90,78,94,82,0.8,4
RB,Devonta Freeman,26,2014,91,89,96,86,92,91,8.3,5
RB,Brian Hill,23,2017,65,55,88,85,88,67,0.5,2
RB,Ricky Ortiz,24,2018,65,52,88,76,76,55,0.5,2
RB,Ito Smith,23,2018,72,65,91,50,91,76,0.8,4
WR,Austin Hooper,24,2016,80,76,87,83,82,60,0.8,4
WR,Logan Paulsen,31,2010,67,78,87,70,73,31,1.0,1
WR,Eric Saubert,24,2017,72,55,85,75,83,67,0.7,4
WR,Russell Gage,22,2018,60,59,92,75,89,75,0.7,4
WR,Marvin Hall,25,2017,70,65,88,79,92,78,0.5,2
WR,Justin Hardy,27,2015,74,72,90,84,87,81,0.7,4
WR,Julio Jones,29,2011,98,99,93,96,93,90,14.3,5
WR,Calvin Ridley,24,2018,77,64,90,81,93,85,2.7,4
WR,Mohamed Sanu,29,2012,81,86,82,82,82,82,6.5,5
END_PLAYERS
Los Angeles Rams, LAR
OL,Brian Allen,23,2018,66,58,82,81,76,73,0.8,4
OL,Austin Blythe,26,2016,65,66,93,82,73,70,0.6,4
OL,John Sullivan,33,2008,78,87,89,86,77,80,5.4,2
S,Blake Countess,25,2016,69,66,89,66,88,60,0.5,3
CB,Troy Hill,27,2015,71,70,91,79,87,52,0.7,1
CB,Marcus Peters,25,2015,87,89,87,87,90,58,2.4,4
CB,Kevin Peterson,24,2017,67,60,89,78,86,47,0.5,2
S,Marqui Christian,24,2016,65,56,88,67,88,56,0.6,4
S,John Johnson,23,2017,86,84,85,90,93,69,0.8,4
S,Lamarcus Joyner,28,2014,90,88,91,54,88,88,11.3,1
CB,Nickell Robey-Coleman,26,2013,82,82,90,48,89,82,5.2,3
CB,Sam Shields,31,2010,72,70,94,55,91,70,1.0,1
CB,Aqib Talib,32,2008,89,85,94,69,88,85,9.5,6
DL,Morgan Fox,24,2016,75,70,85,84,68,70,0.5,2
DL,John Franklin-Myers,22,2018,67,53,77,88,73,53,0.7,4
DL,Justin Lawler,24,2018,66,56,87,78,74,56,0.6,4
DL,Michael Brockers,28,2012,88,92,85,89,90,92,11.1,3
DL,Aaron Donald,27,2014,99,99,93,97,88,99,22.5,6
DL,Sebastian Joseph-Day,23,2018,68,54,76,81,79,54,0.7,4
DL,Tanzel Smart,24,2017,68,70,76,82,70,70,0.6,4
DL,Ndamukong Suh,31,2010,94,87,94,98,92,87,14.0,1
DL,Ethan Westbrooks,28,2014,73,77,77,82,72,77,1.5,2
K,Sam Ficken,26,2017,72,54,84,90,77,64,0.5,1
K,Greg Zuerlein,31,2012,80,63,85,95,90,66,2.3,3
LB,Mark Barron,29,2012,77,82,94,81,66,78,9.0,5
LB,Dominique Easley,26,2014,75,74,85,79,77,25,1.9,1
LB,Samson Ebukam,23,2017,75,65,84,81,76,64,0.8,4
LB,Bryce Hager,26,2015,70,65,91,83,67,78,0.6,4
LB,Micah Kiser,23,2018,68,59,85,80,80,73,0.7,4
LB,Cory Littleton,25,2016,68,73,83,77,70,67,0.5,3
LB,Matt Longacre,27,2015,71,70,84,75,68,58,1.9,1
LB,Ogbonnia Okoronkwo,23,2018,68,53,84,79,72,53,0.7,4
LB,Garrett Sickels,24,2017,66,61,80,77,72,54,0.5,1
LB,Carlos Thompson,26,2015,64,63,80,85,76,80,0.6,2
LB,Ramik Wilson,26,2015,73,72,86,84,67,75,0.8,1
LB,Trevon Young,23,2018,66,51,83,73,71,51,0.6,4
LS,Jake McQuaide,31,2011,46,66,77,72,49,62,1.2,3
OL,Jamon Brown,25,2015,71,76,71,87,76,72,0.8,4
OL,Rodger Saffold,30,2010,80,88,62,77,69,84,6.3,5
OL,Rob Havenstein,26,2015,79,86,78,84,88,79,8.1,4
OL,Joseph Noteboom,23,2018,67,52,87,85,75,75,0.9,4
OL,Andrew Whitworth,37,2006,88,96,90,94,87,87,11.3,3
K,Johnny Hekker,28,2012,86,72,84,97,97,66,3.5,6
QB,Jared Goff,24,2016,83,87,93,94,84,57,7.0,4
QB,Sean Mannion,26,2015,62,62,87,88,75,37,0.8,4
RB,Malcolm Brown,25,2015,69,71,83,83,89,57,0.6,1
RB,Justin Davis,23,2017,70,52,87,61,88,82,0.6,3
RB,Todd Gurley,24,2015,94,97,92,92,94,88,14.4,4
RB,John Kelly,22,2018,70,63,87,87,85,74,0.7,4
WR,Gerald Everett,24,2017,77,70,85,83,85,76,1.5,4
WR,Tyler Higbee,25,2016,77,77,85,83,80,60,0.7,4
WR,Johnny Mundt,24,2017,65,54,85,73,81,58,0.5,2
WR,Brandin Cooks,25,2014,87,88,93,92,95,86,16.2,5
WR,Pharoh Cooper,23,2016,65,65,89,78,87,74,0.7,4
WR,KhaDarel Hodge,23,2018,66,58,87,80,85,75,0.5,1
WR,Cooper Kupp,25,2017,80,84,94,88,87,80,1.0,4
WR,JoJo Natson,24,2017,58,54,75,75,75,75,0.5,1
WR,Josh Reynolds,23,2017,73,68,92,85,88,72,0.8,4
WR,Mike Thomas,24,2016,63,60,88,77,88,67,0.6,4
WR,Kendal Thompson,26,2016,70,70,70,70,70,70,0.5,1
WR,Robert Woods,26,2013,83,90,92,91,91,76,6.8,5
END_PLAYERS
Seattle Seahawks, SEA
OL,Justin Britt,27,2014,78,90,83,87,74,79,9.0,3
OL,Joey Hunt,24,2016,65,63,84,88,75,72,0.6,1
OL,Ethan Pocic,23,2017,69,75,88,83,73,71,1.1,4
CB,Justin Coleman,25,2015,76,78,90,79,88,59,2.9,1
CB,Tre Flowers,23,2018,66,54,89,74,88,68,0.7,4
CB,Shaquill Griffin,23,2017,80,76,89,80,92,68,0.8,4
S,Kam Chancellor,30,2010,90,91,95,82,86,91,12.0,3
S,Delano Hill,23,2017,69,65,87,74,86,65,0.8,4
CB,Dontae Johnson,27,2014,73,72,90,58,90,72,0.4,1
CB,Akeem King,26,2015,62,50,87,73,91,50,0.6,1
S,Shalom Luani,24,2017,66,65,91,67,87,65,0.5,1
S,Bradley McDougald,28,2013,76,76,90,67,87,76,4.5,3
S,Tevon Mutcherson,26,2018,70,70,70,70,70,70,0.4,1
S,Earl Thomas,29,2010,97,90,92,93,93,65,10.0,4
S,Tedric Thompson,23,2017,70,64,92,68,86,64,0.8,4
CB,Neiko Thorpe,28,2012,68,60,89,49,90,60,1.8,2
DL,Ricky Ali'ifua,27,2018,65,65,65,65,65,65,0.4,1
DL,Frank Clark,25,2015,81,83,75,88,68,83,0.9,4
DL,Rasheem Green,21,2018,70,58,81,80,71,58,0.9,4
DL,Dion Jordan,28,2013,79,65,72,72,81,65,1.9,1
DL,Poona Ford,23,2018,68,54,68,79,64,83,0.6,3
DL,Quinton Jefferson,25,2016,69,58,82,79,68,58,0.6,1
DL,Nazair Jones,24,2017,75,75,81,87,72,75,0.8,4
DL,Jarran Reed,26,2016,79,81,80,90,73,81,1.2,4
DL,Shamar Stephen,27,2014,72,76,80,85,73,76,2.1,1
RB,Tre Madden,25,2017,70,65,84,81,84,70,0.5,3
K,Sebastian Janikowski,40,2000,81,63,84,97,87,59,2.0,1
LB,Emmanuel Beal,23,2018,70,70,70,70,70,70,0.4,1
LB,Austin Calitro,24,2018,68,65,83,87,82,74,0.5,1
LB,Jermaine Grace,25,2017,69,58,82,77,71,67,0.6,3
LB,Shaquem Griffin,23,2018,72,51,86,76,71,61,0.7,4
LB,Mychal Kendricks,28,2012,82,82,90,84,84,79,0.8,1
LB,Jacob Martin,23,2018,65,56,81,76,69,53,0.7,4
LB,Barkevious Mingo,28,2013,78,75,95,83,68,77,3.4,2
LB,Bobby Wagner,28,2012,97,97,97,98,89,89,10.8,4
LB,K.J. Wright,29,2011,83,87,94,89,80,78,6.8,4
OL,Tyler Ott,26,2015,47,48,82,71,49,54,0.6,1
OL,D.J. Fluker,27,2013,72,75,85,91,79,73,1.5,1
OL,Germain Ifedi,24,2016,69,80,87,82,72,74,2.1,4
OL,Jordan Simmons,24,2018,61,55,65,78,65,81,0.5,1
OL,J.R. Sweezy,29,2012,72,80,79,84,72,74,1.5,1
OL,Duane Brown,33,2008,81,88,89,90,82,82,11.5,3
OL,George Fant,26,2016,68,65,87,85,74,73,0.5,3
OL,Jamarco Jones,22,2018,66,58,82,80,74,76,0.7,4
P,Michael Dickson,22,2018,77,58,86,94,86,68,0.7,4
QB,Brett Hundley,25,2015,70,71,89,91,76,68,0.6,4
QB,Russell Wilson,30,2012,92,96,97,93,87,84,21.9,4
RB,Chris Carson,24,2017,75,78,85,86,87,75,0.5,4
RB,Mike Davis,25,2015,73,76,80,81,89,67,1.4,1
RB,Khalid Hill,23,2018,65,65,65,65,65,65,0.6,3
RB,J.D. McKissic,25,201,77,73,90,57,88,76,0.6,1
RB,Rashaad Penny,22,2018,76,62,91,70,90,81,2.7,4
RB,C.J. Prosise,24,2016,71,66,89,80,90,76,0.8,4
WR,Darrell Daniels,23,2017,69,62,89,76,86,74,0.1,1
WR,Will Dissly,22,2018,71,57,87,71,77,54,0.8,4
WR,Nick Vannett,25,2016,71,72,84,80,76,60,0.8,4
WR,Doug Baldwin,30,2011,90,95,88,95,90,88,11.5,4
WR,Jaron Brown,28,2013,78,80,85,87,90,69,2.8,2
WR,Amara Darboh,24,2017,71,57,89,82,91,58,0.8,4
WR,Tyler Lockett,26,2015,82,84,93,87,93,89,9.8,3
WR,Brandon Marshall,34,2006,81,86,97,85,86,64,8.0,4
WR,David Moore,23,2017,65,52,88,81,91,69,0.5,2
WR,Keenan Reynolds,25,2016,57,52,91,74,87,67,0.5,1
END_PLAYERS
San Francisco 49ers, SF
CB,Greg Mabin,24,2017,68,54,84,75,88,70,0.5,2
CB,D.J. Reed,22,2018,68,55,85,77,89,60,0.7,4
CB,Ahkello Witherspoon,23,2017,75,72,91,76,91,52,1.0,4
CB,Adrian Colbert,25,2017,77,78,88,61,90,78,0.6,4
S,Antone Exum,27,2014,66,57,88,89,89,62,0.7,1
S,Marcell Harris,24,2018,65,53,87,59,86,53,0.7,4
S,Tarvarius Moore,22,2018,69,58,89,53,94,58,0.8,4
S,Tyvis Powell,24,2016,64,47,91,69,91,47,5.9,2
CB,Richard Sherman,30,2011,90,93,99,79,88,93,9.1,3
CB,Najee Toran,23,2018,61,55,59,79,53,77,0.5,1
CB,Jimmie Ward,27,2014,77,77,90,53,90,77,1.8,4
CB,K'Waun Williams,27,2014,74,71,92,48,88,71,3.0,3
DL,Arik Armstead,25,2015,79,77,73,87,80,77,2.5,4
DL,Ronald Blair,25,2016,75,65,77,86,75,85,0.7,4
DL,Cassius Marsh,26,2014,72,73,86,66,71,73,3.9,2
DL,Solomon Thomas,23,2017,78,68,84,91,79,68,7.0,4
DL,DeForest Buckner,24,2016,86,88,92,86,83,88,4.5,4
DL,Sheldon Day,24,2016,72,70,82,80,75,70,0.7,4
DL,D.J. Jones,23,2017,70,65,82,89,68,65,0.6,4
DL,Earl Mitchell,31,2010,73,72,80,80,66,72,4.0,4
DL,Jullian Taylor,23,2018,69,51,83,89,74,51,0.6,4
K,Robbie Gould,37,2005,85,75,75,94,93,52,2.0,2
LB,Brock Coyle,28,2014,65,69,88,79,66,56,2.8,3
LB,Reuben Foster,24,2017,87,86,88,86,87,83,2.3,4
LB,Elijah Lee,22,2017,68,57,87,80,72,67,0.5,2
LB,Malcolm Smith,29,2011,76,81,82,82,78,56,5.3,5
LB,Fred Warner,22,2018,71,62,89,80,74,75,1.0,4
LB,Dekoda Watson,30,2010,71,64,89,73,68,63,1.7,3
OL,Kyle Nelson,32,2012,43,66,77,68,51,62,1.0,4
OL,JP Flynn,25,2017,65,65,65,65,65,65,0.4,1
OL,Joshua Garnett,24,2016,70,76,91,84,73,73,2.3,4
OL,Weston Richburg,27,2014,81,89,88,89,76,80,9.5,5
OL,Laken Tomlinson,26,2015,72,74,77,87,78,73,5.5,3
LB,Mark Nzeocha,28,2015,68,65,85,81,66,71,0.8,1
OL,Shon Coleman,27,2016,67,71,83,86,73,73,0.8,4
OL,Garry Gilliam,28,2014,67,71,79,84,74,71,3.9,2
OL,Erik Magnuson,24,2017,63,65,83,81,72,70,0.5,3
OL,Mike McGlinchey,24,2018,78,68,86,87,86,79,4.6,4
OL,Mike Person,30,2011,69,69,74,79,74,79,0.9,1
OL,Joe Staley,34,2007,90,94,94,92,88,88,7.4,6
K,Bradley Pinion,24,2015,80,65,85,93,87,62,0.6,4
QB,C.J. Beathard,25,2017,70,73,92,88,78,56,0.9,4
QB,Jimmy Garoppolo,27,2014,83,86,93,94,83,47,27.5,5
RB,Matt Breida,23,2017,76,73,87,65,93,76,0.6,3
RB,Kyle Juszczyk,27,2013,84,84,89,84,82,68,5.3,4
RB,Jerick McKinnon,26,2014,85,81,91,59,93,90,7.5,4
RB,Alfred Morris,30,2012,77,80,87,87,82,82,0.8,1
RB,Raheem Mostert,26,2015,67,62,89,56,93,78,0.7,1
S,Jaquiski Tartt,26,2015,83,85,85,84,89,67,6.5,2
WR,Garrett Celek,30,2012,75,70,84,82,79,66,2.6,4
WR,George Kittle,25,2017,77,77,85,85,87,60,0.7,4
WR,Cole Wick,25,2016,68,49,85,76,76,62,0.6,2
WR,Victor Bolden,23,2017,64,54,90,91,90,44,0.6,3
WR,Kendrick Bourne,23,2017,70,71,86,80,87,78,0.6,3
WR,Pierre Garcon,32,2008,86,93,94,96,89,80,9.5,5
WR,Marquise Goodwin,28,2013,83,87,90,86,95,76,6.4,3
WR,Richie James,23,2018,68,58,89,78,90,80,0.6,4
WR,Dante Pettis,23,2018,76,54,91,85,90,86,1.6,4
WR,Trent Taylor,24,2017,76,68,91,86,86,82,0.7,4
END_PLAYERS
Arizona Cardinals, ARZ
OL,Mason Cole,22,2018,67,59,86,79,78,76,0.8,4
OL,Daniel Munyer,26,2015,60,49,84,78,74,69,0.6,1
OL,A.Q. Shipley,32,2009,74,86,80,87,72,76,2.0,1
CB,Deatrick Nichols,24,2018,64,48,90,66,91,49,0.6,3
CB,Brandon Williams,26,2016,89,97,69,29,59,88,10.5,5
S,Budda Baker,22,2017,79,77,95,72,91,77,1.7,4
CB,Bene' Benwikere,27,2014,70,64,92,57,88,64,0.7,1
S,Antoine Bethea,34,2006,82,82,90,69,86,82,4.3,3
S,Tre Boston,26,2014,83,84,86,89,84,80,1.5,1
S,Rudy Ford,24,2017,70,57,92,70,92,57,0.6,4
S,Jonathan Owens,23,2018,65,65,65,65,65,65,0.6,3
CB,Patrick Peterson,28,2011,92,87,97,70,93,87,14.0,5
CB,Jamar Taylor,28,2013,80,74,95,67,91,74,5.5,3
DL,Markus Golden,25,2015,76,85,84,69,74,85,1.0,4
DL,Chandler Jones,28,2012,89,95,95,81,77,95,16.5,5
DL,Benson Mayowa,27,2013,75,73,74,70,72,73,1.4,1
DL,Arthur Moats,30,2010,69,64,81,87,74,68,0.9,1
DL,Zach Moore,28,2014,67,49,76,78,75,49,0.7,2
DL,Ifeadi Odenigbo,24,2017,69,53,87,82,68,53,0.6,4
DL,Rodney Gunter,26,2015,70,72,73,75,71,72,0.7,4
DL,Robert Nkemdiche,24,2016,74,69,83,81,72,69,2.2,4
DL,Corey Peters,30,2010,81,84,76,88,81,84,4.0,3
DL,Olsen Pierre,27,2017,73,75,73,79,80,75,0.6,1
K,Phil Dawson,43,1999,78,64,83,92,82,52,3.0,2
LB,Deone Bucannon,26,2014,76,81,88,82,66,62,1.9,4
LB,Josh Bynes,29,2011,73,77,85,85,80,66,1.9,3
LB,Jeremy Cash,26,2016,65,58,88,78,69,60,0.6,1
LB,Dennis Gardeck,24,2018,62,46,86,75,68,60,0.6,3
LB,Gerald Hodges,27,2013,70,73,78,85,84,70,0.8,1
LB,Gabe Martin,26,2015,69,52,83,81,66,64,0.6,2
LB,Haason Reddick,24,2017,75,72,87,80,71,51,3.4,4
LB,Ezekiel Turner,22,2018,61,53,89,68,51,66,0.6,3
LB,Joe Walker,26,2016,67,66,88,84,67,58,0.6,1
OL,Aaron Brewer,28,2012,44,67,84,68,53,57,1.0,4
OL,Mike Iupati,31,2010,76,74,80,92,82,72,8.0,5
OL,Justin Pugh,28,2013,80,87,92,88,78,78,9.0,5
OL,Jeremy Vujnovich,28,2014,66,65,76,90,70,69,0.6,1
OL,John Wetzel,27,2014,65,70,85,86,74,68,0.6,1
OL,Blaine Clausell,26,2018,65,51,84,87,75,71,0.6,2
OL,Korey Cunningham,23,2018,64,53,81,83,71,70,0.6,4
OL,D.J. Humphries,25,2015,76,72,92,88,86,73,2.2,4
OL,Andre Smith,31,2009,73,67,80,95,79,73,4.0,2
K,Andy Lee,36,2004,79,59,87,96,80,50,2.6,2
QB,Sam Bradford,31,2010,79,81,95,90,81,37,20.0,1
QB,Mike Glennon,29,2013,72,72,90,93,77,20,4.0,2
QB,Josh Rosen,21,2018,78,78,95,93,85,54,4.4,4
RB,Derrick Coleman,28,2012,63,69,86,80,87,60,0.8,1
RB,Chase Edmonds,22,2018,71,58,85,51,88,77,0.7,4
RB,D.J. Foster,25,2016,64,58,88,68,90,70,0.6,2
RB,David Johnson,27,2015,93,95,95,89,92,93,12.7,3
RB,T.J. Logan,24,2017,72,65,87,62,93,77,0.7,4
WR,Jermaine Gresham,30,2010,82,80,88,86,80,67,7.0,4
WR,Gabe Holmes,27,2017,64,41,86,76,76,61,0.6,2
WR,Ricky Seals-Jones,23,2017,75,70,88,81,83,57,0.5,2
WR,Larry Fitzgerald,35,2004,89,96,98,95,83,65,11.0,1
WR,Christian Kirk,22,2018,73,63,95,82,91,85,1.5,4
WR,J.J. Nelson,26,2015,77,74,88,84,96,80,0.6,4
WR,Trent Sherfield,22,2018,64,49,41,90,87,54,0.6,3
WR,Chad Williams,24,2017,69,55,89,84,90,73,0.8,4
END_PLAYERS









